"all_genes"	"mean_bet_in"	"mean_bet_out"	"ratio_bet"	"mean_deg_in"	"mean_deg_out"	"ratio_deg"	"pvalue_ratio"	"pvalue_degree"
"ABL1"	0.00111539451442254	0.000507252811795508	2.19889271874988	0.0113283369532327	0.00847868875080652	1.33609539000415	1	1
"ACLY"	0.0302235091846892	0.000959944695937219	31.4846358468403	0.0193798449612403	0.00535553791372346	3.61865517030135	1	1
"ACTB"	0.000610248639135819	0.000219626044539506	2.77858047489467	0.0105935721954997	0.00675866717372156	1.56740551401742	1	1
"ACTL6A"	0.00137672248993833	0.000782090296578454	1.76031143201919	0.0137718015754989	0.0106740833695699	1.29020929466975	1	1
"ACTN4"	0.00106270926701806	0.000303914062481679	3.496742659225	0.0206636421779287	0.0130450525051345	1.58402138816962	1	1
"ACTR5"	0.00174198183220489	0.00122993131007293	1.41632448734198	0.0184220786550303	0.0158140934178109	1.16491525428085	1	1
"ADNP"	0.000761287242594201	0.000467620329607957	1.62800287838736	0.00984277383261718	0.00587780806106423	1.67456537034914	1	1
"AES"	0.00805678015479218	0.0047124427886372	1.70968232743726	0.0177756867367612	0.0140204773423052	1.26783748532763	1	1
"AGTRAP"	0.0125015676202987	0.00868998352924452	1.43861810304093	0.0120373550478513	0.00781118691234979	1.54104045683758	1	1
"AHCY"	0.000910920957419596	0.000279274991596681	3.26173479484019	0.0101172750887367	0.00606057564630409	1.66935876708452	1	1
"AKAP8L"	9.75359298722665e-05	6.18369658259805e-05	1.57730782177685	0.00684931506849315	0.00524846351000083	1.30501337304564	1	1
"AKT1"	0.00313888069943785	0.00129328345937235	2.4270632062063	0.0250833791293773	0.0169942643121791	1.4759908795464	1	1
"ANKRA2"	0.00638185944901824	0.00136504277841355	4.6752083890259	0.00752546001663353	0.00618820599556603	1.21609720523616	1	1
"ANKRD17"	0.000244486894533616	0.000147525792614935	1.65724847296204	0.00959739877572721	0.0062459292248789	1.53658461858624	1	1
"ANKRD28"	0.00126685017235014	0.000362095397052727	3.49866411631204	0.0155417055945782	0.00846195350350204	1.83665693603092	1	1
"ANXA1"	0.00457888266061178	0.00263087665041956	1.740439887169	0.00821059956526632	0.00620846273096661	1.32248511766261	1	1
"APEX1"	0.000179047568705095	7.94813983785877e-05	2.25269776775003	0.0115783093599441	0.00688023379804806	1.68283661570177	1	1
"APLP2"	0.00013362917695748	3.64484810290647e-05	3.66624817234282	0.0107426142530901	0.00605066306538741	1.77544413513005	1	1
"APP"	0.0256388692487126	0.0215424985235942	1.19015300015603	0.0334811267038176	0.0309995136461066	1.08005329006259	1	1
"APPBP2"	0.00592365595852258	0.00329553372249911	1.7974800009118	0.0107392559744898	0.00847859269133141	1.26663190053577	1	1
"APPL1"	0.00123483561747099	0.000503099685630559	2.45445515618503	0.00996484101322379	0.00708608892302005	1.40625401705753	1	1
"AQP1"	0.000672547149107871	0.000412233859673811	1.63146993708872	0.0132800933780874	0.0079784515724248	1.66449507871755	1	1
"AR"	0.0168683485749483	0.0104550764031826	1.61341227212968	0.0398767808964233	0.0333314849246671	1.19636976830013	1	1
"ARID2"	0.000373583643358224	0.000123409809538493	3.02717948237087	0.013497510661853	0.00785593510268025	1.71812909417339	1	1
"ARID4B"	0.000821509368589686	0.000184011780826029	4.46443898810136	0.0149019662457504	0.00727230428698652	2.04913953785141	1	1
"ARIH2"	0.000472625305776517	0.00024086362832172	1.9622111859298	0.0103679739387527	0.00595994402167995	1.7396092817379	1	1
"ARL6IP4"	0.00251788463778743	0.000627386055304614	4.01329391448607	0.012657396678878	0.00675577716357499	1.87356633772982	1	1
"ARNT"	0.00103507671225882	0.000737419661886131	1.40364675063228	0.0106227138105391	0.00787047148349405	1.34969217953677	1	1
"ARNT2"	0	0.000105554887626582	0	0	0.00539346067164725	0	1	1
"ARNTL"	0.010470223025948	0.00304901820318746	3.43396540401182	0.0145489351519502	0.00603172912409849	2.41206706279681	1	1
"ARRB1"	0.0104476308156649	0.00433463987971429	2.4102650059948	0.0146069037237684	0.0101106678723355	1.4447021609458	1	1
"ASAP3"	0.000474027754794466	0.000285568146121231	1.65994618529067	0.00678707383756925	0.00532337809728594	1.27495618637901	1	1
"ATAD2"	0.000971270622250404	0.000450997981124821	2.15360303792932	0.0152905873096409	0.0107061151853395	1.42821061093936	1	1
"ATF1"	0.00168819351629094	0.000500508548645554	3.37295640775652	0.0170391797910811	0.00733262082614647	2.32375029270888	1	1
"ATF2"	0.00614668128347156	0.00225535939256978	2.72536665496489	0.0310910496561959	0.018407870502141	1.68900849517491	1	1
"ATF3"	0.00604654528888954	0.00242034438824164	2.49821691419803	0.0361073586109555	0.0232495227049494	1.55303655344584	1	1
"ATF4"	0.00188853762849445	0.000615588307573686	3.06785818583534	0.0190131338973742	0.0122617899736367	1.55060019281469	1	1
"ATF6"	0.00136129178767312	0.000417833604901486	3.25797583464853	0.0156066816949127	0.00963618643370534	1.6195910905505	1	1
"ATF7"	0.00383704244028964	0.00151788182855978	2.52789273057597	0.0277220593526989	0.0191266706100227	1.44939283568632	1	1
"ATF7IP"	0.00028849643595251	0.000288304165302503	1.00066690208865	0.0135537274587763	0.0109365977703443	1.23930016842428	1	1
"ATM"	0.00146234466300989	0.00103326925219933	1.41526002046152	0.0159356492034563	0.0123903520799612	1.28613368696994	1	1
"ATP2A2"	0.000155110867063102	0.000144976199178457	1.06990573585234	0.00822167820509446	0.00509362627320056	1.61411100149843	1	1
"ATP5O"	0.00236634095493395	0.00101631350082537	2.32835729625965	0.0107864733761204	0.00641115932782507	1.68245286453981	1	1
"ATR"	0.0007113334952323	0.000418360330821251	1.70028906382194	0.0116202636565903	0.00851899708052164	1.36404127701365	1	1
"ATXN1"	0.00779383010679737	0.00736020959565564	1.05891415258034	0.0267429455660703	0.0203703460215448	1.3128370788491	1	1
"ATXN3"	0	0.000187017285240455	0	0	0.00527948002549634	0	1	1
"AURKA"	0.0062585835897526	0.00269580195384566	2.32160362552765	0.0269036829395116	0.0217877014002684	1.23481052201221	1	1
"AXIN1"	0.00315688925783339	0.00144272871325016	2.18813781748447	0.0147127660539438	0.0065390506807095	2.24998501653262	1	1
"BACH1"	0.0104579219303903	0.0062548766118782	1.67196294656402	0.0246147194690397	0.0154853055254757	1.58955336260849	1	1
"BAG1"	0.000411685738939973	0.000148635558930965	2.76976614412426	0.0142451851324116	0.00848574809238839	1.67871883272017	1	1
"BAG5"	0.001225263286215	0.00104435815445224	1.17322135226458	0.00914873464506066	0.00687247233054616	1.33121447494189	1	1
"BANP"	0.0100046288765438	0.00856967641271453	1.16744534971008	0.0190228126402358	0.0192477274107968	0.98831473629272	1	1
"BAP1"	0.000891151118943394	0.000297266476388688	2.99781909406488	0.0164625097852443	0.0104000311463878	1.58292889256993	1	1
"BAZ1A"	0.00184347566090165	0.000556011297386376	3.31553633814135	0.0120725903162438	0.00893393448152003	1.35131842988284	1	1
"BCL11B"	0.00606009403043267	0.00613877523556054	0.987182914814655	0.0179686931314025	0.012467656416884	1.44122459992312	1	1
"BCL2"	0.000247232957804773	0.000189401013575602	1.30534126052122	0.00876712893421108	0.0060620372486794	1.44623475154676	1	1
"BCL3"	0.00119204296095802	0.000442836340940682	2.69183635296474	0.0148032743024806	0.00999430228840317	1.48117135897095	1	1
"BCL6"	0.00263263646391006	0.000698076392710959	3.77127273089167	0.0161447285211327	0.011179646228019	1.44411801517206	1	1
"BCOR"	0.00101342409727946	0.000789133731391498	1.28422351873423	0.0176234739676452	0.0150631110639014	1.16997570374952	1	1
"BHLHE40"	0.00559268528139537	0.00381493881537562	1.46599606233651	0.015824309453413	0.0111073598160233	1.42466884259796	1	1
"BHLHE41"	0	0.000221840029689373	0	0	0.00586995687703262	0	1	1
"BIN1"	0.000434207722943994	0.000281391779028334	1.54307181412103	0.00765126346521696	0.00454455751716807	1.683610216465	1	1
"BIRC2"	0.00043507435940851	0.00017336810851823	2.50954090188255	0.0120713898696705	0.00829113231744378	1.45593984120521	1	1
"BIRC3"	0.00136408332363785	0.000529185295957046	2.57770450928887	0.0192994191679594	0.0131912208042503	1.46305027065737	1	1
"BLZF1"	0.00215489252398942	0.000914069122323149	2.35747217728202	0.0130421077367131	0.00643009610844339	2.02829125984407	1	1
"BPTF"	0.00240916734282972	0.000617163953090181	3.90360994151855	0.0112957729234824	0.00675694581610894	1.67172761642584	1	1
"BRCA1"	0.00379397689364967	0.00280614268598064	1.35202565165492	0.0278627763518406	0.0238392161921576	1.16877904572243	1	1
"BRD4"	0.000273542640495399	0.000107788633577137	2.53776888543301	0.0100148674368726	0.00636460245459185	1.57352599920003	1	1
"BRD7"	0.000562452067030727	0.00024097211832734	2.33409603955377	0.0114035280591714	0.00656588273661133	1.7367852148174	1	1
"BRMS1"	0.00089123148733921	0.000559714155348042	1.59229756621935	0.0113440195839901	0.00841214336863862	1.34852903557039	1	1
"BTRC"	0.00945413885377637	0.00588790860759328	1.60568709262639	0.0362244186025805	0.030174307677319	1.20050537662573	1	1
"BYSL"	0.000356593426257531	0.000225599709528815	1.5806466550968	0.00972084986208918	0.00724350617952198	1.34200891407684	1	1
"C1orf109"	0.000659957593751273	0.000126925468746326	5.19956790603049	0.0123322201147723	0.0071900738490127	1.71517294171682	1	1
"CALCOCO2"	0.00448016101318365	0.00067761378475826	6.61167336609298	0.0131761838419642	0.0065476831926772	2.012342908817	1	1
"CALM1"	0.000268121090897738	0.00011828919875901	2.26665742697252	0.00988838272425773	0.00647842310447012	1.52635642420989	1	1
"CALR"	0.00152957042311042	0.000748317837135538	2.04401171160828	0.011757494040578	0.00806011799407435	1.45872480393238	1	1
"CARM1"	0.000365732443200825	0.000144740239994933	2.52681937803633	0.0131600585988047	0.00952867347294731	1.38110080444746	1	1
"CBL"	0.00592775741412627	0.00393094936639199	1.50797094076209	0.00962403651050628	0.00659208182689633	1.45993887260915	1	1
"CBX5"	0.0164731373284713	0.0179718522171567	0.916607655650838	0.0174377010437369	0.0151150023962599	1.15366842734023	1	1
"CCNA2"	0.000112555691628112	0.000148714243608191	0.75685885156136	0.0122101035372397	0.00959105102395787	1.27307252424574	1	1
"CCND1"	0.00234093936389499	0.00138239944055221	1.69338853534249	0.012686742123999	0.0100560949904432	1.26159728364299	1	1
"CCND3"	0.000468955167102119	0.000180336584215653	2.6004438818766	0.013255978013393	0.00959179707386473	1.38201193283293	1	1
"CCNDBP1"	0.0102473527086363	0.00444455632970417	2.30559631793853	0.0118518357453775	0.0068076921053985	1.74094767534787	1	1
"CCNG1"	0.00208225254334297	0.000469165438890483	4.43820531253801	0.0127180755676124	0.00752590307976818	1.68990690323959	1	1
"CCNH"	0.000335563390316644	0.000158342698851718	2.11922237495072	0.0127626254074456	0.00772870452318127	1.65132789967137	1	1
"CCNK"	0.00321434305054379	0.000328372952795623	9.78869612487354	0.00688884970316817	0.00523944451252667	1.31480535516657	1	1
"CCT4"	0.0001570102465372	0.000144317694035308	1.08794869254761	0.00946921570414291	0.00608974249049923	1.5549451752543	1	1
"CCT5"	0.0001570102465372	0.000144317694035308	1.08794869254761	0.00946921570414291	0.00608974249049923	1.5549451752543	1	1
"CDC25A"	0.000452564015827838	0.00011801104627228	3.83492927249932	0.0100172860254355	0.00520880765068034	1.92314377823629	1	1
"CDC27"	0.00265182161834703	0.00101526334603951	2.61195445368104	0.0129680274798512	0.00876679802666037	1.47922051362591	1	1
"CDC5L"	0.00280923648486512	0.000521822818169587	5.38350640686653	0.011816168836231	0.00754894199385395	1.56527482206794	1	1
"CDC73"	0.00314743013598908	0.00115933880674309	2.71484928968357	0.0147959945905385	0.00845551234441114	1.74986375607603	1	1
"CDK2"	0.00464996679712512	0.00300253384584775	1.54868089282511	0.0217655376959068	0.0205146884260968	1.06097334962294	1	1
"CDK4"	0.00221092997299133	0.00155481050170767	1.42199320789449	0.0118050938063925	0.00910669858459627	1.29630883208987	1	1
"CDK5"	0.000118650748010908	6.67770943907419e-05	1.77681807052925	0.0104465379721445	0.00613562419800238	1.70260394623675	1	1
"CDK6"	0.0125206809556623	0.00709366067116964	1.76505214106863	0.0253034068769902	0.0205101962035224	1.233698918621	1	1
"CDK7"	0.000138422532323419	6.93925364873328e-05	1.99477550944815	0.0103847248679034	0.00612921357449215	1.69429972404965	1	1
"CDK8"	0.00125118497907559	0.00131114594728041	0.954268273239002	0.0104197441956219	0.00785619094598238	1.32630994680069	1	1
"CDK9"	0.000557964783663858	0.000376284698423377	1.48282613138859	0.0149715792716597	0.0119738655027714	1.25035472197299	1	1
"CDKN1A"	0.00140729790432389	0.000575069155423733	2.4471802931022	0.0148949739389976	0.00987606290230165	1.50818945629905	1	1
"CDKN1B"	0.00265996558571332	0.00124735681247453	2.13248170780936	0.0162168138253263	0.0111101082402594	1.45964498946661	1	1
"CDKN2A"	0.000673168732335613	0.000177515335440695	3.79217226874751	0.0129045053352077	0.00852039488282755	1.51454310658959	1	1
"CDKN2C"	0.00036462831926016	0.000179134148616089	2.03550424124666	0.0114819548090463	0.00762718057468353	1.50539962921	1	1
"CDYL"	0.000407241943347766	0.000373336571176513	1.09081717353434	0.00975274840622342	0.00817467406019986	1.19304431398761	1	1
"CEBPA"	0.00167857566299026	0.000795992815858514	2.10878242811757	0.0180353289502586	0.013859996951037	1.30125057126431	1	1
"CEBPB"	0.00353648048075599	0.00273381633740233	1.29360573070404	0.030188492864408	0.0289364564218715	1.04326847849933	1	1
"CEBPD"	0.000472526344062265	7.37996539225091e-05	6.40282601539603	0.011095556682266	0.00736322619351139	1.5068879307339	1	1
"CEBPG"	0.000275594698329733	0.000181345461111109	1.51972206329928	0.0138559917366491	0.00976564662255242	1.41885041228612	1	1
"CEP70"	0.0083109955077264	0.00460953778722623	1.80299975645227	0.015405788798139	0.00777850240671508	1.9805597520725	1	1
"CGGBP1"	0.00120113742787234	0.000595000875687304	2.018715395141	0.00974345452791256	0.00610998796023805	1.59467655113562	1	1
"CHAF1A"	0.00116545428957147	0.000593930221775821	1.96227477040455	0.0134677473896772	0.00840434169357464	1.60247499217859	1	1
"CHCHD2"	9.30364128175613e-05	7.05043432779892e-05	1.31958413470687	0.0104047690344497	0.00705460424814669	1.47489053509743	1	1
"CHD3"	0.00553516690138625	0.00164175149129047	3.37150106502138	0.0175917358975146	0.0126185010714219	1.39412247127798	1	1
"CHD4"	0.000908816381652485	0.00054685264268851	1.6619036111528	0.0133632797445065	0.00880031828430532	1.51849959430886	1	1
"CHD8"	0.00462397745594208	0.00283619699667599	1.63034424666599	0.0154923385261701	0.0125581608537749	1.23364708467746	1	1
"CHEK2"	0.000281657701547578	0.000147666095445198	1.90739587647666	0.00922886063769333	0.00590776695079361	1.56215719315969	1	1
"CHTF18"	0.000253129945186934	0.000151908687266936	1.66632962038656	0.00803921043993159	0.0059072723403103	1.36090059452199	1	1
"CHUK"	0.000930179952028259	0.000489026202953496	1.90210656690868	0.0177538097359072	0.0130755464062234	1.35778721472452	1	1
"CITED2"	0.00116256461144886	0.000344579535310454	3.37386435442672	0.0224464889764469	0.0161685987857127	1.3882767006552	1	1
"CLK3"	0.0025586554939953	0.000393836447991547	6.49674631955397	0.0125510112219665	0.00603479380795797	2.07977465699254	1	1
"CLOCK"	0.00607465130230376	0.00286505964890941	2.12025299529666	0.0146582898738	0.00800341064210237	1.83150540804308	1	1
"CLU"	0.00613636603744107	0.00412049730697945	1.48922947408486	0.0128111990157742	0.00752955727816766	1.70145448696179	1	1
"COIL"	0.00177299505887104	0.000288893185605116	6.13719930830949	0.0149002022778844	0.00542087736792879	2.74866986772981	1	1
"COMMD1"	0.00264127215987684	0.00142708386199829	1.85081776215897	0.0249469233076519	0.0202818366881601	1.23001302550746	1	1
"COMMD4"	0.00142374666156248	0.000692218243490606	2.05678870060264	0.0192491582691989	0.0162435268526577	1.18503564181626	1	1
"COMMD6"	0.00125556167180401	0.000629486760057138	1.99457995222973	0.0183587251621221	0.0156191337192617	1.17539970475327	1	1
"COMMD8"	0.00142374666156248	0.000692218243490606	2.05678870060264	0.0192491582691989	0.0162435268526577	1.18503564181626	1	1
"COPS2"	0.000334003680047432	0.000169136577952071	1.97475722928532	0.00948465160334432	0.00673642011185941	1.40796616687351	1	1
"COPS4"	0.000281657701547578	0.000147666095445198	1.90739587647666	0.00922886063769333	0.00590776695079361	1.56215719315969	1	1
"COPS5"	0.0055290754514399	0.00309619783508558	1.78576297314899	0.0325536332730093	0.0250997899004761	1.29696835718899	1	1
"COPS6"	0.00366159366940447	0.0010495824926562	3.48861923195576	0.0144207752213698	0.00838124054770876	1.72060151946267	1	1
"CREB1"	0.0201462580452454	0.00789507239184271	2.5517508954143	0.0363097523154572	0.0224251825682738	1.61915080088698	1	1
"CREB3"	0.00623052959501558	0.00475831749345074	1.30939761871526	0.00623052959501558	0.00536515870367794	1.1612945560668	1	1
"CREB5"	0.00044627895586266	0.000211870237725813	2.1063786997785	0.0152318513180782	0.00990800634705382	1.53732756969897	1	1
"CREBBP"	0.0338539610687588	0.0276771589281598	1.22317327282875	0.0900766300517326	0.0801852251753223	1.12335695079465	1	1
"CREBZF"	0.000321903328357393	0.000266212958383339	1.20919481272531	0.00979985400669999	0.00708667398046781	1.38285661704069	1	1
"CREM"	0.000534756146952933	0.000216528979405311	2.46967472170064	0.0118059098357482	0.00685831053110472	1.72140205407797	1	1
"CRK"	0.00331720967738623	0.00121102599973565	2.7391729641728	0.0133884801892706	0.0094716847746529	1.41352679146369	1	1
"CSE1L"	0.00109597830743143	0.000247613939669454	4.4261575454697	0.00912990196078433	0.0037768593394807	2.41732644510919	1	1
"CSNK1A1"	0.00334205147357819	0.00057407451250533	5.82163360465714	0.010573011201848	0.00595338385382644	1.77596665383038	1	1
"CSNK1E"	0.000719898435367111	0.000310333320192931	2.3197587513953	0.0104718950611699	0.00531380931297985	1.97069455156973	1	1
"CSNK2A1"	0.00429133964579057	0.00349509505804786	1.22781772012445	0.0208346558304036	0.0158161759196017	1.31730046101613	1	1
"CSNK2B"	0.00126101303572734	0.000542774382417025	2.32327294098135	0.0142921999519288	0.00804170950808202	1.77725891958233	1	1
"CTBP1"	0.0158199838084897	0.00938953964331542	1.6848519106847	0.0344986167187303	0.028418553628771	1.21394695765952	1	1
"CTBP2"	0.00807785601492336	0.00354243493681242	2.28031175138309	0.0201583422461822	0.014874859805668	1.35519544449763	1	1
"CTNNB1"	0.0108708552642185	0.00903963687126294	1.20257654361946	0.0359068653960095	0.0331794021719477	1.08220350716167	1	1
"CTR9"	0.00916771534636265	0.00599744046880829	1.52860464293767	0.01591274842231	0.0097717628298816	1.62844194024537	1	1
"CUL2"	0.00218170476788135	0.00225366895274933	0.968067987634037	0.00752466748744863	0.00672164941148408	1.11946741444036	1	1
"CUX1"	0.000351601069552476	0.000250628274976455	1.40287870387133	0.0111412783537728	0.00731974007803775	1.52208660894958	1	1
"CYC1"	0.000155110867063102	0.000144976199178457	1.06990573585234	0.00822167820509446	0.00509362627320056	1.61411100149843	1	1
"DAP3"	0.000144091759944293	6.95862476089626e-05	2.0706930592667	0.012183126753075	0.00712294087902406	1.7104068333562	1	1
"DAXX"	0.00306415160080715	0.00122550804597513	2.50031128793529	0.0205847736644092	0.014277998142735	1.44171286889284	1	1
"DCAF6"	0.000144091759944293	6.95862476089626e-05	2.0706930592667	0.012183126753075	0.00712294087902406	1.7104068333562	1	1
"DCAF7"	0.000192691450559643	0.000140896170152569	1.36761311787955	0.00541483316100384	0.0053758975429098	1.00724262651646	1	1
"DCTN1"	0.00056134879585679	0.000216982562973571	2.5870686942027	0.0156579623945298	0.0095091569517584	1.64661940842551	1	1
"DDB1"	0.000575650596366499	0.000210241023382923	2.7380507719373	0.0192606898767683	0.0122326804309638	1.57452734790773	1	1
"DDIT3"	0.00907717203125807	0.00327983067727216	2.76757336717381	0.0328860658769821	0.0204375263676373	1.60910206477125	1	1
"DDX3X"	0.000832257794817057	0.000541820072465581	1.53604090566417	0.0169523566448291	0.0123561789496274	1.37197403128743	1	1
"DDX5"	0.000634138265418314	0.000319240392444258	1.98639733701317	0.0167257530458683	0.00872883077781119	1.91615045263398	1	1
"DDX6"	0.0010599505928321	0.000408413125667693	2.59529022506131	0.01302753498765	0.00866957472179895	1.50267289984748	1	1
"DHX9"	9.52448368493641e-05	3.50454838014835e-05	2.71774923664579	0.00773703321877721	0.00509210037897483	1.51941883367485	1	1
"DNAJA3"	0.00167667700192626	0.00063123490311196	2.65618550821622	0.0108372846472031	0.00687141015938578	1.57715583785961	1	1
"DNMT1"	0.000254342462902368	0.000151733023856131	1.67624987915306	0.0096210611614557	0.00630239122826697	1.52657313914504	1	1
"DNMT3A"	0.00654178542949589	0.00476075093730491	1.37410789088648	0.0093651337293162	0.00589927545868539	1.58750575302058	1	1
"DPF2"	0.00171420159311213	0.00165753655248294	1.03418629926701	0.010909373347619	0.00716968493203091	1.52159731578732	1	1
"DPY30"	0.00334470746286982	0.000422253655130386	7.92108587393286	0.0121856812802218	0.0063930075845954	1.90609523279535	1	1
"DRAP1"	0.000288390875208394	0.000110972668878133	2.5987558749722	0.0104105330386537	0.00634506151627837	1.64073004051187	1	1
"DROSHA"	0.00127925740895916	0.000340806922131813	3.75361333906351	0.0183446905220167	0.00906970007931377	2.02263474663924	1	1
"DVL2"	0.00573700985068701	0.0021756550714835	2.63691148743315	0.0137885216784701	0.00946764516266719	1.45638344504513	1	1
"DYNLL2"	0.000964787896161949	0.000788686365891646	1.22328461335985	0.0073186158882669	0.00547235658723144	1.33737920247071	1	1
"E2F1"	0.000724260084572886	0.000416426148404844	1.7392281616974	0.0225230658174681	0.0160154354049571	1.40633490429469	1	1
"E2F3"	0.00446970490861268	0.00178225847503654	2.50788814934435	0.011189277303445	0.00632268389468082	1.769703734969	1	1
"E2F4"	0.000303341482197221	0.000177560539023043	1.70838342723128	0.00795349805250795	0.006200615665178	1.28269489385932	1	1
"E2F6"	8.78926610744976e-05	4.93550609162785e-05	1.78082367730415	0.00815401265057508	0.00650076026151623	1.25431677566175	1	1
"EAF1"	0.00099589861176245	0.000186977378314886	5.32630535703238	0.0132548506649226	0.00514149180677775	2.57801649074875	1	1
"EBP"	0.000471067144659391	0.000224542695130489	2.09789565581565	0.00896783051495505	0.00596349998606801	1.50378645693063	1	1
"ECSIT"	0.000327204574722506	0.000232762842252099	1.40574230644649	0.0100343022040737	0.00913094383198624	1.09893373442107	1	1
"EED"	0.00224648755948396	0.000783074624499332	2.86880392902563	0.0165346795980741	0.012634892911656	1.30865213608739	1	1
"EEF1A1"	0.00124314012366447	0.000208693599548523	5.95677168036688	0.0114084058932876	0.00650711984276244	1.75321896153129	1	1
"EEF1D"	0.00180367576217472	0.000843743879933414	2.13770529786487	0.0132937503697237	0.00999817078850173	1.32961825227191	1	1
"EEF2"	0.000223881854622101	0.000109661008447884	2.04158121278358	0.0116860801897956	0.0070800657355869	1.65056097305104	1	1
"EFTUD2"	0.000891487139838186	0.000236988369349169	3.76173371835268	0.0126153566458295	0.0059288517761839	2.12779086441411	1	1
"EGFR"	0.00394119851116259	0.00154768232187859	2.54651646235691	0.0189529396263324	0.011340877795307	1.67120570104154	1	1
"EGR1"	0.00385991686187082	0.00150078406742224	2.57193352838602	0.0267316524447168	0.0190356702754111	1.40429268094892	1	1
"EHMT1"	0.000406626386664066	0.000107846384722652	3.77042204715333	0.00824456238385395	0.00531690962656972	1.55063052842842	1	1
"EHMT2"	0.00615899417265884	0.00345072712018623	1.78483953037887	0.0197229676268644	0.0161340883486448	1.22244078504262	1	1
"EIF1AD"	0.00429881749711527	0.0011392154914577	3.77348932607532	0.0129178407568649	0.00876040842528811	1.47457060558681	1	1
"EIF3A"	0.00119528841577177	0.00119771258414216	0.997976001586285	0.00824917251480458	0.00586398226385549	1.40675263730775	1	1
"EIF4ENIF1"	0.00110182473915786	0.000229136807530339	4.80858903042877	0.0099546198438082	0.0047553188996588	2.09336535653213	1	1
"EIF5A"	0.000265094252903841	0.000217816723532024	1.21705188015495	0.00740887524542482	0.00511313159795256	1.44898974405265	1	1
"ELAC2"	0.000483542768590745	0.000331033253732247	1.46070753659647	0.00865800865800866	0.00705956339797452	1.22642267941	1	1
"ELF1"	0.000744537543689458	0.000588227092839642	1.26573147131873	0.0125883499839728	0.00861323783645116	1.46151194510141	1	1
"ELF3"	0.00648645653422024	0.00285000962118431	2.27594197788175	0.016165549424209	0.0105799846788502	1.52793694082795	1	1
"ENO1"	0	0.000403539583478791	0	0	0.00564582910424295	0	1	1
"EP300"	0.137724465233822	0.0975174850774513	1.412305343236	0.180127217852948	0.149313582937893	1.20636859894972	1	1
"EPAS1"	0.00148354154193697	0.00104537631408878	1.41914593045867	0.0191010608388484	0.0129629822863947	1.47350821106159	1	1
"EPC1"	0.0009690467226632	0.000605298947145165	1.60093905207273	0.00969480587715381	0.00802796702719851	1.20762901047153	1	1
"EPM2AIP1"	0.00040341863508896	0.000338700151483505	1.1910789922059	0.0085968299544823	0.00586176484607807	1.46659413678701	1	1
"ERCC3"	0.000214230317319036	0.000105065628562075	2.03901428327214	0.0108892917845888	0.00597338548420819	1.82296820008968	1	1
"ESR2"	0.000253568434319811	0.000313086253526403	0.809899609017574	0.0165880493153892	0.0159103591572918	1.04259427153075	1	1
"ETS1"	0.000548320572659251	0.000298300067254319	1.83815101922781	0.0140851620827457	0.0108486640263074	1.29833148566404	1	1
"ETS2"	0.00692778395818243	0.00243788287535673	2.84172140844489	0.0135661937954716	0.00791925463844415	1.71306447574173	1	1
"EXOSC1"	9.30364128175613e-05	7.05043432779892e-05	1.31958413470687	0.0104047690344497	0.00705460424814669	1.47489053509743	1	1
"EXOSC8"	0.0028641565280045	0.00128555620412348	2.22795123139508	0.0120535892603062	0.00859732084486759	1.40201691640971	1	1
"EYA2"	0.0079324268048302	0.00442213574282496	1.79379993427402	0.0123438813860722	0.00703969402595723	1.7534684519749	1	1
"EZH2"	0.000358805972374565	0.000229018052537009	1.56671479998976	0.0124562456875413	0.00826921369976757	1.50633979720362	1	1
"FANCG"	0.000162254654510406	0.000212213431994911	0.764582397000662	0.00664451827242525	0.00522580355442815	1.27148259654631	1	1
"FANCL"	0.0038065007511371	0.00025806646247034	14.7500791644888	0.0130215937743089	0.00525884532375295	2.47613173095118	1	1
"FBXO11"	0.000251625513687428	0.000146621695597282	1.71615471136383	0.0085788506128099	0.00570135189580315	1.50470463314585	1	1
"FBXW11"	0.00322984374043038	0.00174529423402392	1.85060127826339	0.0256624811823719	0.0203804746599809	1.25916994626052	1	1
"FBXW7"	0.00598709580507079	0.0029319755917326	2.04200056165298	0.0235921093080287	0.0223708769961669	1.05459027431384	1	1
"FHL2"	0.0142041841772288	0.0112295659139362	1.26489165174239	0.0271030783681379	0.0241500764092538	1.12227712694741	1	1
"FHL3"	0.0131272645665071	0.00670597293459006	1.95754809847135	0.0208021794080027	0.0151077561239249	1.37692051932583	1	1
"FKBP4"	0.000657439136566588	0.000385593037502453	1.70500779999796	0.0140454021276231	0.0100337522149173	1.3998155253168	1	1
"FKBP5"	0.000144091759944293	6.95862476089626e-05	2.0706930592667	0.012183126753075	0.00712294087902406	1.7104068333562	1	1
"FLNA"	0.000817753672810861	0.000749620898804575	1.09088964050354	0.0127195901158974	0.0109568303288281	1.16088227472422	1	1
"FOS"	0.0154151175532508	0.00697785937867448	2.20914706311824	0.0354696147455164	0.0272851948667933	1.29995827109462	1	1
"FOSL2"	0.000389017295485473	0.000177111538619429	2.19645370661806	0.012035891587314	0.00964991737487246	1.24725333075435	1	1
"FOXA1"	0.00335077741669652	0.0013967205383767	2.39903210744711	0.0166721691682656	0.0111211632907536	1.49913895987187	1	1
"FOXJ2"	0.0147430303845123	0.00867226189182086	1.70002135180178	0.0325457755112645	0.0261596858668658	1.24411950804377	1	1
"FOXK1"	0.000799016453108399	0.00026527215175574	3.01206307492136	0.0142974317534512	0.00797804090430638	1.79209807582382	1	1
"FOXK2"	0.00424368327772483	0.00241680275256707	1.75590799589138	0.0190613526700881	0.0142521552451246	1.3374365029183	1	1
"FOXM1"	0.00170563778516187	0.000337855371514859	5.04842583237383	0.0211364748519306	0.00820590242572764	2.57576482821222	1	1
"FOXO1"	0.00139494572684281	0.000196823707806471	7.08728507550728	0.0114176697742713	0.00485000075648891	2.35415834914981	1	1
"FOXO3"	0.000314932683460461	0.000158161263824039	1.99121248683773	0.00847253050605537	0.00567806778635873	1.49215029211349	1	1
"FOXO4"	6.78125671878815e-05	0.000233372286172203	0.290576778846153	0.00438914337607047	0.0056946943320628	0.770742575480884	1	1
"FOXP3"	0.000211291313504163	5.78894643377648e-05	3.64990963245665	0.0128135234685225	0.00690299346766771	1.85622708880409	1	1
"FOXP4"	0.000293448198280531	0.000179537237592775	1.63446983040994	0.0122126146367372	0.00853839424366168	1.43031749158257	1	1
"FUS"	0.0067504858151299	0.00101685167222367	6.63861406685578	0.0160110851685419	0.0104808321715569	1.52765399793282	1	1
"FXR2"	0.000374892694752323	0.000254251631836103	1.47449474382917	0.0092844740930275	0.00678832288854821	1.36771250358321	1	1
"FZR1"	0.00227721329790038	0.000196712245593871	11.5763677600523	0.0133765998341172	0.00603764732141147	2.21553183252016	1	1
"GADD45GIP1"	0.00120039859818041	0.000407916840346434	2.94275322676294	0.0145601648038212	0.00942595039936293	1.5446893084442	1	1
"GAPDH"	0.000623137305384185	0.000249154115149264	2.50101149246872	0.0112449225291935	0.00719058969992596	1.56383871121298	1	1
"GLRX3"	0.00146432741693665	0.000775842660046863	1.88740255253326	0.014454424762088	0.013048716081471	1.10772773902354	1	1
"GNL3"	0.000179047568705095	7.94813983785877e-05	2.25269776775003	0.0115783093599441	0.00688023379804806	1.68283661570177	1	1
"GPS2"	0.00206917819483051	0.000265544120873527	7.79221994455685	0.0139556752395369	0.00667664097372957	2.09022400552134	1	1
"GRB2"	0.00122349406550864	0.000579741191249724	2.11041423996664	0.0135064909248006	0.00913959362178963	1.47779994206743	1	1
"GSK3B"	0.0169140831016489	0.0130246355285868	1.29862237331137	0.0328156709657441	0.029608956265736	1.10830218637997	1	1
"GTF2F1"	0.00055507865791281	0.000143822365107417	3.85947385511451	0.013250666945625	0.00705073751805614	1.87933062487315	1	1
"GTF2H1"	0.00131586800660114	0.00050978487392046	2.58122214667053	0.0110562831535223	0.00793798210217951	1.39283296575922	1	1
"GTF2I"	0.000663091399815165	0.000274671116458072	2.4141286072079	0.0123881384468526	0.00725307578663466	1.70798414510991	1	1
"GTF3C1"	0.00132018228616405	0.00052172059381058	2.53043928460176	0.0114742452052994	0.00736209765183168	1.55855650766118	1	1
"GTF3C3"	0.000594011499102723	0.000159018619244497	3.73548394474114	0.00891668600322458	0.00494900540310158	1.8017127234568	1	1
"GTF3C5"	0.000168357532390139	0.000174084832723922	0.967100520796857	0.00840036339019571	0.00651793557720815	1.28880736710102	1	1
"H2AFX"	0.000561932434615918	0.000184307702287955	3.04888199266886	0.0169626884743164	0.00629838851913058	2.69317912396073	1	1
"H2AFY"	0.00157086347821397	0.00076503205890708	2.05333026233973	0.017962235711554	0.011698900385331	1.5353781227231	1	1
"HAT1"	9.30364128175613e-05	7.05043432779892e-05	1.31958413470687	0.0104047690344497	0.00705460424814669	1.47489053509743	1	1
"HCFC1"	0.0119821376814427	0.00683807282513246	1.75226821764809	0.0400053618234748	0.0311402766665699	1.28468228628238	1	1
"HDAC1"	0.0428957912100604	0.0400844801838954	1.07013465094888	0.088292082958625	0.0871142380219731	1.0135206937855	1	1
"HDAC2"	0.0280258730886022	0.0225585142601317	1.24236342719312	0.0617527817837028	0.0596180690565411	1.03580647211397	1	1
"HDAC3"	0.0171551617832008	0.0111604903791176	1.53713333379148	0.0490658279808667	0.0411994987393531	1.1909326443819	1	1
"HDAC4"	0.00499363579470577	0.00196997937017242	2.53486705003855	0.0326173106606844	0.0236458034994848	1.37941223529981	1	1
"HDAC5"	0.00225018223396068	0.0010774554839832	2.08842246144786	0.0242242451773059	0.0187639371406201	1.29100012410856	1	1
"HDAC6"	0.000979865112058009	0.000303190444061445	3.23184695049105	0.0103995955146399	0.00783500210172195	1.32732517230012	1	1
"HDAC7"	0.0027639363142473	0.00091439453481611	3.02269557505956	0.0232596979059644	0.0159567431550943	1.45767201238297	1	1
"HDAC9"	0.000805653875797751	0.000267231952515762	3.01481117139325	0.0188783622065327	0.0126180668245941	1.49613744077948	1	1
"HES1"	0.00129581218834817	0.000347459591875796	3.72938959996066	0.0123356428860981	0.00800781399486741	1.54045072650346	1	1
"HEY1"	0.00164067864001385	0.000283570712853357	5.78578310681295	0.00627181125583682	0.00499409945248804	1.25584428494155	1	1
"HIC1"	0.00680744386274441	0.00301933057379087	2.25462025318991	0.0138668927340838	0.008031149387576	1.72663862479455	1	1
"HIF1A"	0.0215299254670996	0.0156729335659971	1.37370106090473	0.0353884654800234	0.0266146763864616	1.32965980747468	1	1
"HIF1AN"	0.00043021274935747	0.000268251452287543	1.60376671100486	0.0102995213227937	0.00938302702684211	1.09767576000045	1	1
"HIPK2"	0.000318325947352099	0.000159874941760123	1.99109343745512	0.00709884601229909	0.00618501760696163	1.14774871526783	1	1
"HIPK3"	0.00156394968645243	0.00055709921469514	2.80730908462735	0.0118403319391969	0.00689815612415593	1.71644881995849	1	1
"HIRA"	0.00397762241084298	0.000770146872952087	5.16475824357524	0.0169879214496361	0.00978911498076259	1.73538889705765	1	1
"HMGA1"	0.0114475695057217	0.0032827261282912	3.48721430248603	0.0332867074010135	0.0223373173006662	1.49018375631083	1	1
"HMGB2"	0.0130722646748516	0.00279195823890051	4.68211325395738	0.0156844314552833	0.00860541722907132	1.82262301034019	1	1
"HOXB9"	0.00129261142557201	0.000475289557003063	2.71962934284222	0.016381147034341	0.0103117408476931	1.5885918077553	1	1
"HSF1"	0.000122744663933861	0.000714484331471559	0.171794759559044	0.0075187969924812	0.00588220116488968	1.27822846953284	1	1
"HSP90AA1"	0.00216312002630955	0.00144073756309901	1.50139767415843	0.0242622985693493	0.0176574836304545	1.37405187948204	1	1
"HSP90AB1"	0.00148893549971424	0.000746349691008915	1.99495694531809	0.0184585837115417	0.014617088949462	1.26280846859191	1	1
"HSP90B1"	0.000307722838194728	0.00015520801746789	1.98264782460991	0.01195948170757	0.00792834129731608	1.50844688177318	1	1
"HSPA4L"	0.00220984360961752	0.000398682333192669	5.54286815751523	0.013312645290033	0.00689510811446325	1.93073771564339	1	1
"HSPA5"	0.000872482003519719	0.000141655558403556	6.15917944450964	0.00901362117565208	0.00622852261420193	1.44715235601774	1	1
"HSPA8"	0.00168072538946336	0.000716684175054845	2.34514092533819	0.0160148205018148	0.0107443275469931	1.49053725621914	1	1
"HSPB1"	0.00240545100015986	0.00111914731296377	2.14936047497595	0.0143287289503344	0.00974364436740898	1.47057183226656	1	1
"HSPH1"	0.000155110867063102	0.000144976199178457	1.06990573585234	0.00822167820509446	0.00509362627320056	1.61411100149843	1	1
"HTT"	0.00677486786312633	0.00207732691698285	3.26133927584508	0.0148864243918244	0.00727366976043663	2.04661812841648	1	1
"HUWE1"	0.00190150180575197	0.00087141899821701	2.18207522402265	0.0148407509048221	0.0115946683751902	1.27996337839017	1	1
"IKBKB"	0.00192152153915697	0.00117612058806155	1.63377935788368	0.0185157930558801	0.0153492793330521	1.20629722439212	1	1
"IKBKE"	0.000706342400491664	0.000273305597116893	2.58444176754112	0.0140105442839424	0.00898433232095719	1.55944190212787	1	1
"IKBKG"	0.000611749413963751	0.000536988512558375	1.13922253392199	0.0128508055569323	0.0118619970692228	1.08335936031168	1	1
"ING4"	0.00112378423511989	0.000219009960174882	5.13120149523125	0.00711267605633803	0.00473379198090175	1.50253244862338	1	1
"INTS3"	0.00562132318705814	0.000719315052102389	7.81482769007589	0.0128518316446716	0.00634112723870206	2.02674243251775	1	1
"IPO4"	0.000299249235650109	0.000177935445947495	1.68178540288376	0.00904068301464543	0.00545361613220316	1.65774099157088	1	1
"IRAK1"	0.000404464330949661	0.000218970369008092	1.84711900875827	0.011072527471388	0.00701514620748765	1.57837444065951	1	1
"IRF2BP1"	0.00408483255561371	0.000167166864429971	24.4356593607397	0.0109297855726377	0.00648494894016525	1.68540811554319	1	1
"IRF2BP2"	0.000232990939850922	7.66701976659654e-05	3.03887229906477	0.00783614515597375	0.00560494077170287	1.39807813769154	1	1
"IRF5"	0.00239691821681353	0.000980139070067341	2.44548788025443	0.0109603503733498	0.00751811729386547	1.45785838993136	1	1
"IRF7"	0.000284110869019693	0.000147000722121262	1.93271750587271	0.0104781543496844	0.00599447787256946	1.74796780844452	1	1
"ISG15"	0.00164193217236162	0.00054045647011291	3.03804702720757	0.0155133464988014	0.0109937208447836	1.41110973416814	1	1
"ITCH"	0.0045621968484187	0.00485228442284268	0.94021628801099	0.00963297274236764	0.00712188030599566	1.35258840762291	1	1
"JDP2"	2.75651667101337e-05	1.34979288295974e-05	2.04217751168539	0.00820972180922451	0.00507323692660892	1.61824135714318	1	1
"JMJD1C"	0.00072180493593977	0.000346740037399165	2.08168904102883	0.00928388559096898	0.00630564381074341	1.4723136716272	1	1
"JUN"	0.0345801873183022	0.0273547442084025	1.26413857336236	0.071205848422095	0.0618604678833578	1.15107193428214	1	1
"JUNB"	0.00175672453025113	0.000466550495828625	3.7653470437987	0.0168723686189096	0.0122526980568106	1.37703292292681	1	1
"JUND"	0.00468800261443784	0.00193432445753957	2.42358648579613	0.0286911850128974	0.0205639900445058	1.39521488537984	1	1
"KAT2A"	0.00252263634837481	0.00111844555621407	2.2554842605964	0.02279639597446	0.0152850824758563	1.49141465284654	1	1
"KAT2B"	0.0114898718730697	0.00892330718564408	1.28762482721146	0.0463193747541494	0.0419313823114804	1.10464697800978	1	1
"KAT5"	0.0114362141398148	0.0128637938239439	0.889023432459564	0.0354238877332906	0.0353293558436269	1.00267573204793	1	1
"KAT6A"	0.00286731364899406	0.00168362223833675	1.70306235193631	0.0139342225956117	0.00874051804884429	1.5942101506734	1	1
"KAT7"	0.000132946555776586	7.36154597830134e-05	1.80595972868274	0.00983415649543594	0.00650134517957717	1.51263411244925	1	1
"KDM1A"	0.0060414391161711	0.00312929139798474	1.93060931304185	0.0309819059805835	0.0236824792968374	1.30822054533458	1	1
"KDM2A"	0.00142736163279114	0.000551474889461732	2.58826224016168	0.0121790837373283	0.00815022784601319	1.49432432656295	1	1
"KDM5A"	0.000279282928365919	9.72924444182794e-05	2.87055104880731	0.0123978296660619	0.00591344409843034	2.09654973644762	1	1
"KDM5B"	0.00375716285226621	0.00186115890276583	2.01872223090827	0.0170787083997116	0.0141864372638465	1.2038757922143	1	1
"KDM5C"	0.000739075322476156	0.000522018862663456	1.41580194766379	0.016521845767905	0.0134919457479535	1.2245710201148	1	1
"KEAP1"	0.00350619917364446	0.00110859772440593	3.16273351140365	0.0208729309094002	0.015861198022665	1.31597442258609	1	1
"KHDRBS1"	0.000265835694235344	0.000126904506883953	2.09476952996189	0.0108074537846093	0.00739021008570524	1.46240142827793	1	1
"KIF2C"	0.000639917444564136	0.000835069960003809	0.766303992735192	0.00904967609050867	0.00668967275144809	1.35278307725138	1	1
"KLF5"	0.00144256766997197	0.000447852639418608	3.22107662878728	0.0173404696447958	0.0123639037760795	1.40250765121163	1	1
"KMT2B"	0.00133159200322639	8.92296172827205e-05	14.9232064843145	0.0183419521654816	0.00488966723862729	3.75116572771747	1	1
"KMT2C"	0.000560727929381236	0.000253884250747638	2.20859674331907	0.0117803789739073	0.00682398086199954	1.72632063485235	1	1
"KPNA2"	0.0031588630977909	0.00150838276314718	2.0942052474798	0.0139100953431194	0.0104173948521809	1.33527580940327	1	1
"KPNA3"	0.00372723778856303	0.00086857829364702	4.29119380005798	0.0190419221975443	0.0117400896533748	1.62195713659398	1	1
"KPNA4"	0.000715970628397288	0.000251280753675557	2.84928558166345	0.0120105578076324	0.00686017922983611	1.75076443417053	1	1
"L3MBTL1"	0.000823480599140004	0.000302142239431987	2.72547327605736	0.0103528195890281	0.00629103427250506	1.6456466680328	1	1
"L3MBTL2"	5.93205644449467e-05	3.67324274901526e-05	1.61493722299866	0.00855924835453796	0.00682257704894363	1.25454770142365	1	1
"L3MBTL3"	0.00348191869400012	0.000792388891534351	4.39420432466925	0.0139527617369798	0.00666948224851639	2.09203071798917	1	1
"LATS2"	0.00036506268108063	8.80342259348206e-05	4.1468267279469	0.0139064022450339	0.006827493427163	2.03682396671488	1	1
"LCOR"	0.00144458175138841	0.000650959293584351	2.21915834926354	0.0114190147743122	0.00879215677699916	1.29877287950382	1	1
"LDB1"	0.0183654976229851	0.00665777580916885	2.75850346262679	0.0195588352940354	0.00854265236441574	2.28955065238372	1	1
"LDOC1"	0.000734842533191653	0.000220336501937859	3.335092128307	0.0122184998239888	0.00518988322438704	2.35429185893327	1	1
"LEF1"	0.00138537729184767	0.000363190127668143	3.81446847342041	0.0140604980921585	0.00670980716494302	2.09551448298259	1	1
"LIG3"	0.000558276191577318	0.000142432433265055	3.91958614186148	0.00933335537666329	0.00583114261536688	1.60060488866573	1	1
"LMNA"	0.000419379310391753	0.000162747163742154	2.57687630769523	0.00995060117842164	0.00581668103678326	1.71070084735548	1	1
"LRIF1"	0.00133464974310777	0.000548628204530923	2.43270348131099	0.0121327836355981	0.00910219826550906	1.3329509291808	1	1
"MAD2L1BP"	0.00237482161794289	0.00109649368860508	2.16583245541892	0.0108536595305678	0.00698068640176294	1.55481265106348	1	1
"MAD2L2"	0.000789444259042911	0.000375545188184159	2.10212854240003	0.0150207470191899	0.00973264644009778	1.54333634861178	1	1
"MAF"	0.00183506470419847	0.000800151561693973	2.29339639144554	0.0130302781848261	0.00732492390246188	1.77889604838716	1	1
"MAFB"	0.00272516614636297	0.000619450590670425	4.39932770653032	0.0188143641274219	0.0104175301118315	1.80602925313879	1	1
"MAFF"	0.00764960385391279	0.00192207825103626	3.97986078339351	0.0248851802907174	0.0109978112490322	2.26273935124203	1	1
"MAFG"	0.00159297663582503	0.000470330163444217	3.38693275413106	0.0177104124220891	0.00820384721544024	2.15879354612514	1	1
"MAFK"	0.000976913854406404	0.000153961759899	6.34517204172821	0.0118470467736429	0.00517192623725799	2.29064496092347	1	1
"MAGED1"	0.000555404683778458	0.000173799944700174	3.19565512369178	0.00934579439252336	0.00593666046315428	1.57425112157378	1	1
"MAGOHB"	9.30364128175613e-05	7.05043432779892e-05	1.31958413470687	0.0104047690344497	0.00705460424814669	1.47489053509743	1	1
"MAP2K1"	0.000272449843802672	0.000114782125690613	2.37362605164712	0.00811757373623064	0.00544682262500447	1.4903319412249	1	1
"MAP3K7"	0.00046530056753488	0.000131393432457437	3.54127720718164	0.00971815561931295	0.00546701596867396	1.77759781112732	1	1
"MAPK1"	0.0100964180300696	0.0140954048859418	0.716291451843241	0.0261334951530079	0.0212309469892334	1.23091519027676	1	1
"MAPK10"	0.000563893643140453	0.000225930158382873	2.49587592544794	0.0125316966592651	0.00840725937177799	1.49058047398089	1	1
"MAPK14"	0.00530763956830569	0.00266958185408916	1.98819135670092	0.0276216324933287	0.0207241145593032	1.3328256999491	1	1
"MAPK3"	0.0106133048835115	0.00594348121048365	1.78570512930886	0.0262592132297833	0.0191465459993782	1.37148565755077	1	1
"MAPK7"	0.0020573006630674	0.000501972063369857	4.09843657285677	0.0272850106021962	0.0187831218453991	1.45263448891908	1	1
"MAPK8"	0.0140208989686109	0.0105786674467071	1.32539367923654	0.0370587787917191	0.028940022906571	1.28053729989636	1	1
"MAPK9"	0.00142928776771827	0.000841950774066295	1.69759065701117	0.0205848747642473	0.0143934672747604	1.43015399773366	1	1
"MAPKAPK2"	0.00116654123611215	0.000426905927075884	2.73254870013737	0.0145111843488039	0.00973405903853203	1.49076395482724	1	1
"MAPKAPK3"	0.000805751652117017	0.000158241594196963	5.09190808021119	0.0171870173471639	0.0114870611700914	1.49620665309186	1	1
"MAX"	0.010034578174237	0.00588739066539902	1.70441860317026	0.029203422044531	0.0258907444009427	1.12794833521541	1	1
"MBD1"	0.00138035376931174	0.000479997100859937	2.87575438859687	0.0129129703188863	0.00867657835232238	1.48825606068895	1	1
"MBD2"	0.0102321045726537	0.00455487717920245	2.24640625204418	0.0120054236125004	0.00651402528466989	1.84301151559144	1	1
"MCM7"	0.00244082918901524	0.00256967885242084	0.949857678408251	0.0110142542458839	0.0105020027163754	1.0487765565619	1	1
"MCRS1"	0.00322796252238225	0.0012519716959008	2.57830311416083	0.0147722596428641	0.00862002059413731	1.71371512185377	1	1
"MDM2"	0.0115839948786915	0.00704444706794492	1.64441506437083	0.0498519690995262	0.0429015917300603	1.16200744749048	1	1
"MDM4"	0.000305231665844492	0.000136468138253862	2.23665149792468	0.0126596733503149	0.00840600904016503	1.50602661617722	1	1
"MECP2"	0.00132776924190597	0.000952121221904798	1.39453801822593	0.0140866172221575	0.011443372279469	1.23098478998458	1	1
"MED1"	0.00564178885387409	0.0025571762663569	2.20625731909819	0.0291326632663472	0.021415201533832	1.36037306117914	1	1
"MED12"	0.00233599400245733	0.00110130851699306	2.12110772450519	0.0175576661893218	0.0128752130699868	1.36367966059142	1	1
"MED13"	0.000190932560357709	8.47920655458106e-05	2.25177390276633	0.0117995085281052	0.0060529055803545	1.94939576893484	1	1
"MED14"	0.000342812982286961	0.000243647110394457	1.40700614808014	0.0103843237022261	0.00771867698549869	1.34535020985273	1	1
"MED15"	0.000227956135426176	0.000129546179665595	1.75965154676589	0.0103210341074684	0.00749449641278785	1.37714844854121	1	1
"MED17"	0.0004679153418676	0.000254898806125395	1.83569059808548	0.0103933275421691	0.00694421708701732	1.49668816684894	1	1
"MED23"	0.00296009521632684	0.00114423539892156	2.5869635034161	0.0176817304929378	0.0132861566215609	1.33083863125953	1	1
"MED25"	0.000443284801607332	0.000112161538564909	3.95219972264199	0.0125007673281581	0.00706328121929905	1.76982438331949	1	1
"MED31"	0.0033956316288193	0.000543849525544536	6.24369695904283	0.0111486407467853	0.00674714959636681	1.65234823795646	1	1
"MED6"	0.00070501985487399	0.000130564528387737	5.39978096332793	0.0144922141649527	0.00843192750045617	1.71873087905093	1	1
"MEF2A"	0.000367518362841126	0.000112705563128586	3.26087153676544	0.0110945604806362	0.00738795711796079	1.50170883554053	1	1
"MEF2C"	0.00416961029953589	0.00180783458974441	2.30641139581548	0.0218317147773991	0.0119301381978059	1.8299632758164	1	1
"MEF2D"	0.000565891026198112	0.000358080942417643	1.58034388084829	0.016713991853265	0.0103763851315921	1.61077211777514	1	1
"MEIS1"	0.00404561546999796	0.000326514546254772	12.3903070059282	0.0119597684463004	0.00710985809690019	1.68213883924276	1	1
"MEN1"	0.00337418821418812	0.002026559606308	1.66498345456279	0.0234736354743156	0.0196660277467382	1.19361346259714	1	1
"MFAP1"	0.000104603333894865	8.20484372360288e-05	1.27489733404614	0.00795553442822856	0.00531505064892933	1.49679371914003	1	1
"MITF"	0.0078350145175312	0.00417065301370142	1.87860617792744	0.0130445795339412	0.0050512136601248	2.58246441581308	1	1
"MLLT6"	0.00133464114171905	0.000504088526832585	2.64763245080224	0.0150296147600888	0.00675522435683913	2.22488757828932	1	1
"MNAT1"	0.00327717546376661	0.00147066762620692	2.22835901557101	0.0170076031532541	0.0107404642927023	1.58350725720582	1	1
"MNT"	0.000947488189521442	0.00183723013018444	0.515715573109137	0.00748630223907001	0.00759344315365504	0.98589033822773	1	1
"MORF4L1"	0.00131625336857811	0.000494799360014207	2.66017597221694	0.0103651874458835	0.00703299592458192	1.47379403557661	1	1
"MORF4L2"	0.000322092461636339	0.000341204206003656	0.943987371694027	0.00855636272427669	0.00860330212259687	0.994544025346165	1	1
"MRPL10"	9.30364128175613e-05	7.05043432779892e-05	1.31958413470687	0.0104047690344497	0.00705460424814669	1.47489053509743	1	1
"MSH2"	0.00142425628070812	0.000697652754289894	2.04149739530206	0.0150330114730136	0.00930148276210695	1.61619516559835	1	1
"MSH3"	0.00261962517192721	0.00182421841453452	1.43602605425714	0.0087968195441733	0.00710595193670648	1.23795089279066	1	1
"MTA1"	0.000399588055529954	0.00025906330594472	1.54243401655354	0.010328402812018	0.00790667350715693	1.30628927609935	1	1
"MTDH"	9.52448368493641e-05	3.50454838014835e-05	2.71774923664579	0.00773703321877721	0.00509210037897483	1.51941883367485	1	1
"MTOR"	0.000179047568705095	7.94813983785877e-05	2.25269776775003	0.0115783093599441	0.00688023379804806	1.68283661570177	1	1
"MUC1"	0.000198649382001521	8.77781335134897e-05	2.2630850537622	0.0108079885589096	0.00698403292462668	1.54752829426092	1	1
"MYB"	0.000159800821379404	8.33762228401814e-05	1.9166234201532	0.0116229467608188	0.00667722974907791	1.74068396589527	1	1
"MYBBP1A"	0.000578274888758246	0.00040301917608346	1.43485700699883	0.0113097455387634	0.00668677246789077	1.69136090588871	1	1
"MYC"	0.00691697135927806	0.00526677353152576	1.31332234391218	0.0359269898318067	0.0346509229281536	1.03682634677001	1	1
"MYD88"	0.000600913974032133	0.000303725722622835	1.97847574068774	0.0186962890097278	0.0119283344224985	1.56738471168816	1	1
"NAA10"	0.000817735255261	0.000869058280722548	0.940944092473433	0.00823045267489712	0.0057584786679913	1.42927553429109	1	1
"NACC1"	0.00269540722365163	0.00131954746112964	2.04267546492351	0.014527376977044	0.0105070585718802	1.38263024591138	1	1
"NBN"	0.00035362278161748	0.000173632500068638	2.03661631018209	0.0110222447497925	0.00721346908893266	1.52800886978272	1	1
"NCBP1"	0.00272576148233849	0.000943747404509988	2.88823203042742	0.00899055890371215	0.00661261957547205	1.35960625000423	1	1
"NCL"	0	0.000129026915680203	0	0	0.00540994481348925	0	1	1
"NCOA1"	0.00611554609110073	0.00321699077282593	1.90101449552141	0.0342493322926657	0.0250531264711364	1.36706819135425	1	1
"NCOA2"	0.00154178978589829	0.000884421902832691	1.74327408780824	0.0232467307967326	0.0173716494686196	1.33819939429044	1	1
"NCOA3"	0.00333857238824631	0.00175141024623881	1.90621951391227	0.0279559004321302	0.0211785055094548	1.32001289796627	1	1
"NCOA4"	0.000146070700295813	5.34707620204704e-05	2.73178639645892	0.0101421311348872	0.00639785724808013	1.58523873566118	1	1
"NCOA6"	0.00403134680928015	0.00205881881192514	1.95808722260049	0.0183249435577838	0.0136546382286258	1.34203068956942	1	1
"NCOR1"	0.00604826486212652	0.0052866575506449	1.14406216105084	0.0355317027034509	0.0363807372820518	0.976662524125926	1	1
"NCOR2"	0.0247510623816659	0.0149464762884275	1.65597977101999	0.0549908952096415	0.0482309916413813	1.14015684393394	1	1
"NDUFAF3"	0.000175493113602576	0.000353631271408969	0.496260166425216	0.00528610802583405	0.00510297950081649	1.03588658841139	1	1
"NEDD9"	0.000307509948975774	0.000228809323871417	1.34395724690216	0.0103431217808957	0.00739757460930566	1.39817741991879	1	1
"NEK6"	0.00073683800667441	0.000264128751694946	2.78969253421307	0.0135079255858946	0.00849175880787264	1.59070999206566	1	1
"NFATC1"	0.00723470275758404	0.00343507014852659	2.10612955333306	0.0263458123983105	0.0185816138943581	1.41784306509081	1	1
"NFATC2"	0.00134468864132258	0.000554542212763024	2.4248625449497	0.0181286135006174	0.0142949108246449	1.26818654016107	1	1
"NFATC4"	0.000244149984562222	0.000111534956903562	2.18899967633757	0.00844476069350627	0.00633864207359068	1.3322665320843	1	1
"NFE2L1"	0.00629680798350231	0.00235331290354005	2.67572067192175	0.0210385540050268	0.0121795679674681	1.72736455523064	1	1
"NFE2L2"	0.0148078328561372	0.00770417621044641	1.92205272201051	0.028208330107861	0.0183672451044479	1.53579537635886	1	1
"NFIA"	0.00182447359033829	0.00140798672989929	1.29580311489782	0.0128922953721175	0.0103145993198622	1.24990753128836	1	1
"NFIB"	0.00398741521698399	0.000193218933874289	20.6367726859432	0.0233229178336907	0.00957047569493956	2.43696536902787	1	1
"NFIC"	0.00202518043779798	0.00157052748610903	1.28949060472373	0.0155449268498844	0.0122540145707165	1.26855788853329	1	1
"NFIX"	0.00582144907890869	0.00309550073808514	1.88061627874455	0.0195743087115912	0.0142893368221691	1.36985424552543	1	1
"NFKB1"	0.0037860834297865	0.00241062115883832	1.57058416910727	0.0254135118276697	0.0215152195582668	1.18118765922168	1	1
"NFKB2"	0.000388123515796882	0.000223166769997903	1.73916356723059	0.0101441977432783	0.00650590169888904	1.55923009796022	1	1
"NFKBIA"	0.000868765424310491	0.000411265982762911	2.11241741530401	0.0161839767812317	0.0106609068017777	1.51806756049429	1	1
"NFKBIB"	0.000765221702303398	0.000434711844502619	1.76029641699534	0.0183171370709576	0.014987030118031	1.22219925673734	1	1
"NFYA"	0.00140174673562324	0.000575869311811128	2.43414036287974	0.0193892261091724	0.0136307264996153	1.42246461402623	1	1
"NFYB"	0.000598338499892015	0.000445908244549517	1.34184220006179	0.0106863156187062	0.00598848021951383	1.78447873700646	1	1
"NFYC"	0.0011454782201112	0.000795089102843642	1.44069163571024	0.0169683334364736	0.0127829552423752	1.32741866921539	1	1
"NIN"	0.00122278053446975	0.000497149796395423	2.45958168611454	0.0111322609866614	0.00655259911053993	1.69890768515887	1	1
"NLK"	0.00201933870202457	0.000691447658908368	2.92045055906708	0.0161727452846161	0.00983992749405674	1.64358378599683	1	1
"NMI"	0.00109798722721476	0.000540549217727978	2.03124376320401	0.009910940079116	0.00568469050714586	1.74344409192683	1	1
"NOL9"	9.30364128175613e-05	7.05043432779892e-05	1.31958413470687	0.0104047690344497	0.00705460424814669	1.47489053509743	1	1
"NONO"	0.00124129024920677	0.000754652634773933	1.64484981832551	0.0120623673454639	0.0081782122951687	1.47493937673759	1	1
"NOTCH1"	0.00323565527605297	0.00133978441955173	2.41505665302151	0.0216598236366298	0.0160247763110782	1.35164592729173	1	1
"NPM1"	0.00804385057871149	0.00475556193326872	1.69146163830582	0.0346480986265024	0.0284833966779593	1.21643141856439	1	1
"NR1H2"	0.00114426146646793	0.000471169873237241	2.4285539705799	0.0167761067896746	0.0101134670110001	1.65878889716334	1	1
"NR1H3"	0.00146843773952419	0.000171178340391415	8.57840855429766	0.0144399454568721	0.0051583421301008	2.7993384488031	1	1
"NR2C2"	0.000780808597855565	0.000274860001356544	2.84075017827972	0.0100928875427286	0.00644011248757528	1.56719118838383	1	1
"NR2C2AP"	0.00289294013167291	0.000784275526665976	3.68867831943074	0.0141247737557478	0.0106005890360393	1.33245178241767	1	1
"NR2F1"	0.000360466467002756	0.000323610795996502	1.11388887967339	0.00757619238937037	0.00593655099300741	1.27619427480607	1	1
"NR2F2"	0.000987194938318734	0.00044218286384771	2.23254906291151	0.0109161732046702	0.00761834106865255	1.43288061092294	1	1
"NR2F6"	0.00207130989049968	0.000573085328966971	3.61431323714633	0.01286202069497	0.00798685255614074	1.61039916594942	1	1
"NR3C1"	0.00516753681803685	0.0030457071520886	1.69666240383393	0.0242548424558564	0.01818346275834	1.33389568192844	1	1
"NR4A1"	0.000185029222089336	7.95095864816771e-05	2.3271309822744	0.0120517752111504	0.00680611312493935	1.77072801904946	1	1
"NRBF2"	0.000201750896249541	7.35220324349034e-05	2.74408758256474	0.0115158577408642	0.00725876950185054	1.58647519223862	1	1
"NRF1"	0.00707130657862537	0.00077490506833119	9.12538434398668	0.0115727895493211	0.0065029818513399	1.77961277055335	1	1
"NRIP1"	0.00127352603296429	0.000514215349866178	2.47663947273397	0.0169568459835432	0.010683358874654	1.58722047836219	1	1
"NSD1"	0.000236542015370298	0.000129747274006299	1.82309815124758	0.0108705863289312	0.00745824140810363	1.45752674579828	1	1
"NUP205"	0.0089321451230611	0.00462283458980809	1.93217926134621	0.011765095777822	0.00505915396292535	2.32550656968326	1	1
"NUP62"	0.00865507620332269	0.0055457788485575	1.56066017770866	0.0211207623351542	0.0129323945870455	1.63316717511165	1	1
"NXT2"	0.00034979969590994	0.000213772168073657	1.63632010220065	0.0100901509395645	0.00628312735670274	1.6059122100717	1	1
"OAT"	0.000155110867063102	0.000144976199178457	1.06990573585234	0.00822167820509446	0.00509362627320056	1.61411100149843	1	1
"OGT"	0.00288577983972814	0.00090097438637218	3.20295436072038	0.0127873916089384	0.00887353194397814	1.44107123180149	1	1
"ORC4"	0.00159645034563052	0.00048409447200604	3.29780742799023	0.0142565492391493	0.00716006930905224	1.99111888779138	1	1
"OTUB1"	0.00511721110092109	0.00214841570552514	2.38185332929797	0.0124754277762824	0.0084934157332998	1.46883517397724	1	1
"PABPN1"	0.000704448324604599	0.000182327638192899	3.86363982765633	0.00890245884809541	0.00558460284032691	1.59410778217029	1	1
"PAK1"	0.00617992670457751	0.00248448246285232	2.48741007311544	0.0138018564899197	0.00779434700164568	1.77075212163452	1	1
"PARP1"	0.0084000743857727	0.00647336237815547	1.29763697674627	0.0424009340536299	0.0430519214428297	0.984879016606394	1	1
"PATZ1"	0.010983307126853	0.00583457464480478	1.88245207157178	0.0210531955372644	0.0143250906861632	1.46967275799517	1	1
"PBX1"	0.013288296013089	0.00778870606334816	1.70609802257407	0.0204416071811963	0.0129635638933683	1.57685088370286	1	1
"PBX2"	0.0136328764223596	0.00743686524338368	1.83314823870021	0.01187626272923	0.00797841905220141	1.48854837675555	1	1
"PCBP1"	0.00326737776653334	0.00134761012506288	2.42457199286839	0.00972218325950225	0.00703857635777874	1.38127126357842	1	1
"PCGF2"	0.0029506184507775	0.000582833334619939	5.06254236934059	0.00879854015521751	0.00545864444318142	1.61185441675141	1	1
"PCGF6"	5.93205644449467e-05	3.67324274901526e-05	1.61493722299866	0.00855924835453796	0.00682257704894363	1.25454770142365	1	1
"PCNA"	0.000157238172074092	9.47041339979544e-05	1.66030948635767	0.00961892020402872	0.00609493508240053	1.57818255223159	1	1
"PDGFRB"	0.0003495169868497	0.000119650243298969	2.92115567183901	0.0142028934367456	0.00620365849855961	2.28943831128734	1	1
"PDS5A"	0.00112629849731049	0.000529781432432949	2.12596823587818	0.00998398442379474	0.00544918241735047	1.83219860506142	1	1
"PELP1"	0.000701779158349047	0.000343169240320247	2.04499435233223	0.0162300307892407	0.0102822733574761	1.57844770557866	1	1
"PGR"	0.0146030197980115	0.0143368785992133	1.01856339906601	0.0205358507594256	0.019266805799998	1.06586690978261	1	1
"PHB"	0.000349531890358705	0.000233539861488289	1.49666908309027	0.0116318814609736	0.00813221585687715	1.43034588182222	1	1
"PHB2"	0.0056981174345594	0.00159705582390831	3.56788870448811	0.0100421468091901	0.00649159429908455	1.54694615013237	1	1
"PHF1"	0.00163612746445977	0.00110800278616987	1.47664562299118	0.0123976254427311	0.0073235364093501	1.69284683652324	1	1
"PHF8"	0.00248306110757432	0.00125185099064581	1.9835117167526	0.0142506489696711	0.0114781122428725	1.24154988800709	1	1
"PIAS1"	0.0121071300861612	0.00587233748754726	2.06172245921411	0.0360401457944437	0.0270157802885669	1.33404052777613	1	1
"PIAS2"	0.000399594657039499	0.000295823885873544	1.35078564010992	0.0105680124082739	0.00754706845156772	1.40028045009697	1	1
"PIAS3"	0.00255735715936343	0.000982594483151467	2.60265776290666	0.0152523516330928	0.0093607636831888	1.62939180491062	1	1
"PIAS4"	0.00146147866402999	0.000552608046968817	2.64469305513472	0.0205170411475045	0.0117739074634921	1.74258556143087	1	1
"PIK3R1"	0.00166510441850024	0.00136272632097063	1.22189202107305	0.011857347607587	0.00761735631542044	1.55662241814567	1	1
"PIN1"	0.0037486912132963	0.00509279944864885	0.736076739540736	0.0231219108813751	0.0217930509474904	1.06097631474761	1	1
"PKM"	0.000206597791775481	0.000115941806122885	1.78190937923212	0.0089764369587975	0.0059915444940863	1.49818414394774	1	1
"PKNOX1"	0.0066663922681369	0.000153895385818342	43.3176877441011	0.013867972753037	0.00580031830109281	2.39089857369107	1	1
"PLK1"	0.00208243166824301	0.00113729981164132	1.83103140168264	0.018948299568209	0.0138820914196043	1.36494559756682	1	1
"PML"	0.0114620731996551	0.00715627752585624	1.60168092394987	0.0400267906323611	0.0345374621266709	1.15893838654263	1	1
"PNKP"	0.00176742976787518	0.000666651353740626	2.65120554838449	0.0108205975697158	0.00680446773639876	1.59021954235064	1	1
"PNMA1"	0	0.00179480991124063	0	0	0.00777438570716065	0	1	1
"PNO1"	0.00132018228616405	0.00052172059381058	2.53043928460176	0.0114742452052994	0.00736209765183168	1.55855650766118	1	1
"PNRC2"	0.000770287558016742	0.000300405432000684	2.56415988514811	0.0139791522768305	0.00940909894915005	1.48570573573288	1	1
"POGZ"	0.00326224448474893	0.00348422630844597	0.936289493263126	0.0188337867588609	0.0183317534026984	1.02738599768032	1	1
"POLR1A"	9.30364128175613e-05	7.05043432779892e-05	1.31958413470687	0.0104047690344497	0.00705460424814669	1.47489053509743	1	1
"POLR2A"	0.000715620462052067	0.000624818710939419	1.14532495509958	0.011083436756219	0.00872882123692983	1.26975183193434	1	1
"POLR2L"	0.000903386028462093	0.000484910354555645	1.86299595373649	0.00998193893022511	0.00779428328886118	1.28067438150347	1	1
"POU2F1"	0.00537373050939698	0.00766507756898505	0.701066683413684	0.0181161190870109	0.0198021033778214	0.914858322944681	1	1
"PPARD"	0.000104202323604546	0.000225363668613965	0.462374100694281	0.00851063829787234	0.0050872353587591	1.67293975955307	1	1
"PPARG"	0.00392540470107013	0.00414973669022501	0.945940669034903	0.0372720934877099	0.0419831795958911	0.887786343161054	1	1
"PPIG"	0.00460815387385733	0.00218020885876714	2.11362955219948	0.0193412401260732	0.010647085161288	1.81657607064105	1	1
"PPM1G"	0.00992532887224196	0.0028494124506814	3.4832896409463	0.0132745916523202	0.0051928144000516	2.55633855355746	1	1
"PPP1CA"	0.000946681567430268	0.000508865445182797	1.86037699433531	0.0119800704875781	0.00847577202307104	1.41344888170285	1	1
"PPP1CB"	0.000832447081876407	0.000287285982992183	2.89762512325238	0.0120854901263936	0.00745214286938799	1.62174697106769	1	1
"PPP1CC"	0.000832697715369896	0.000357505536368479	2.32918830804242	0.0116679246067255	0.00806252984391086	1.44717909051061	1	1
"PPP2CA"	0.000486374347832406	0.00019907451764415	2.44317732670241	0.0102387873870293	0.00740600773707941	1.38249752775265	1	1
"PPP2R1A"	0.00102336509620724	0.000287535050225536	3.55909686629346	0.00937067355677904	0.00473160531227628	1.98044277540787	1	1
"PPP3CA"	0.00051732450151794	0.000140493821915618	3.68218683543715	0.00980512174612628	0.00530266055040057	1.84909474271092	1	1
"PPP3CB"	0.00049206103717038	0.000130266082127448	3.77735346864094	0.00974676167273527	0.0051248868682229	1.90184913801132	1	1
"PRDM10"	0.0016235110658315	0.000587215667746018	2.76476115166209	0.00946448847092668	0.00570105760457439	1.66012854585658	1	1
"PRDX1"	0.000512315906470058	0.000269198127619032	1.9031183871943	0.0105054331877064	0.00717699865249932	1.46376412987732	1	1
"PRDX6"	0.000254638431097308	5.07148210780616e-05	5.02098648253855	0.012489822769307	0.00722520882210093	1.72864523044681	1	1
"PRKAA1"	0.00415777439403018	0.000625711087082918	6.64487889037389	0.0130794138559335	0.00731765428451875	1.78737794208239	1	1
"PRKAA2"	0.00135241488900142	0.000911604686490057	1.4835541206009	0.018744221583118	0.0152431480840297	1.22968178750138	1	1
"PRKAB2"	0.00270716499533095	0.00100353753152767	2.6976220722008	0.0109662422579599	0.00770697953236077	1.42289754525931	1	1
"PRKCD"	0.000750985837478564	0.000403052379935799	1.86324625498598	0.0189150067039625	0.014469550899363	1.30722831935269	1	1
"PRKCZ"	0.000434000659516123	0.00024518774163207	1.77007486845483	0.0206185567010309	0.00615428753113302	3.35027516942079	1	1
"PRKDC"	0.00193046079356325	0.00112185587030265	1.72077433890189	0.0173939927179643	0.0136966274206461	1.26994713251416	1	1
"PRMT1"	0.00223068211193422	0.000726334766933014	3.07114875053193	0.0150131890818264	0.00963657797677088	1.5579377988759	1	1
"PRPF6"	0.000324491878323619	0.000108813488141569	2.98209242131312	0.0107036440277161	0.00540261878814961	1.9811954993371	1	1
"PSEN1"	0.000690715546487542	0.000457290274201149	1.51045317483336	0.0136057557419816	0.0108904574596662	1.2493282116359	1	1
"PSIP1"	0.000590677002608073	0.000277871117550558	2.12572291721035	0.0112546171713346	0.00695258957703963	1.61876622323603	1	1
"PSMA1"	0.000531977673509199	0.000562019060404173	0.946547387781884	0.0110538180732366	0.00910232514120347	1.21439499268152	1	1
"PSMA3"	0.010124011993105	0.0050635313618158	1.99939750930554	0.0176027566925861	0.0116867729131782	1.50621192208989	1	1
"PSMA4"	0.000561932434615918	0.000184307702287955	3.04888199266886	0.0169626884743164	0.00629838851913058	2.69317912396073	1	1
"PSMA5"	0.000845842070163045	0.000397939872656694	2.12555244719787	0.00916275043441675	0.00621568355774027	1.4741339949661	1	1
"PSMA7"	0.000561932434615918	0.000184307702287955	3.04888199266886	0.0169626884743164	0.00629838851913058	2.69317912396073	1	1
"PSMC5"	0.00366790606657648	0.00224080718266948	1.63686822094478	0.0205250110537005	0.0154513416926344	1.32836432343508	1	1
"PSMD11"	0.00101815419083226	0.000449848021417398	2.26332926312363	0.0118480310984035	0.0083775667815982	1.41425683701243	1	1
"PSMD2"	0.000344575173674398	0.000256538606765112	1.34317083116419	0.0103489514043941	0.00885290317063664	1.16898956251093	1	1
"PSMD4"	0.000522496576304019	0.000106439902077701	4.90884119681545	0.0140232243129298	0.00703166163805573	1.99429737020271	1	1
"PSME3"	0.0012791069859769	0.000594038203371162	2.1532402776757	0.0102296863969488	0.00775185999648733	1.31964282141116	1	1
"PTEN"	0.000138422532323419	6.93925364873328e-05	1.99477550944815	0.0103847248679034	0.00612921357449215	1.69429972404965	1	1
"PTGER3"	9.30364128175613e-05	7.05043432779892e-05	1.31958413470687	0.0104047690344497	0.00705460424814669	1.47489053509743	1	1
"PTGES3"	0.000144091759944293	6.95862476089626e-05	2.0706930592667	0.012183126753075	0.00712294087902406	1.7104068333562	1	1
"PTK2"	0.000179047568705095	7.94813983785877e-05	2.25269776775003	0.0115783093599441	0.00688023379804806	1.68283661570177	1	1
"PTPN6"	0.00465639537216134	0.00383352822904112	1.21465008054109	0.00835569791613424	0.00673821596860547	1.24004602331906	1	1
"RANBP9"	0.000697151195566512	0.000447269584505886	1.55868232430041	0.0148276950340729	0.0111174689103614	1.33372939053183	1	1
"RANGAP1"	0.000522981313559803	0.000299832628078047	1.74424417019641	0.00921481054902273	0.00613498050490337	1.50201138237649	1	1
"RARA"	0.0110109052851476	0.00618417208413639	1.78049787996565	0.0381295962553159	0.0328672605551497	1.1601087407737	1	1
"RB1"	0.00863292761354704	0.00561614664274215	1.5371620726292	0.0415794020655076	0.0366233813026763	1.1353239538936	1	1
"RBBP6"	0.000641614206126954	0.000595903484396637	1.07670826388371	0.0071335740954936	0.00667028717177713	1.06945531905683	1	1
"RBL2"	0.0004277697651123	0.000217629761882884	1.96558486032118	0.0140869385516846	0.00985789904927297	1.42900008219535	1	1
"RBM14"	0.000323019620264623	0.000197476013138832	1.63574104586328	0.0117230664382221	0.00704923482764931	1.66302680004935	1	1
"RBM39"	0.00368264471026751	0.000931494225870043	3.95348098570102	0.0106470794792204	0.00694215169102129	1.53368580133316	1	1
"RBM48"	0.00510872596830101	0.000534945213024686	9.54999847445173	0.0137150523211628	0.00794858323296476	1.7254713096899	1	1
"RBPJ"	0.0111451998570744	0.00532572662146736	2.09270971817244	0.0241259318200262	0.0147007758881767	1.64113323021473	1	1
"RBPMS"	0.0088063346135607	0.00552289609695559	1.59451390338758	0.0135394335345412	0.00950498696695523	1.42445577059832	1	1
"RCC1"	0.00109217085397235	0.000309762750787225	3.52583017550278	0.0145869748648688	0.00932748329132748	1.56387038274638	1	1
"RCHY1"	0.000138422532323419	6.93925364873328e-05	1.99477550944815	0.0103847248679034	0.00612921357449215	1.69429972404965	1	1
"RECQL"	0.0013195848018151	0.000891652574676843	1.47993157793926	0.0160117335362257	0.0120667810233015	1.32692666795778	1	1
"RECQL5"	0.000355128304383049	0.000198201482991289	1.79175402233826	0.0112279202329893	0.00730076142978298	1.53791085230997	1	1
"REL"	0.000895468295928889	0.000515554857170555	1.73690206478387	0.014359171226814	0.0113006374751218	1.27065143523323	1	1
"RELA"	0.0254631949669654	0.0209684115483993	1.21435974814741	0.0723311505857148	0.0725709524510474	0.996695621908857	1	1
"RFWD2"	0.00542614116750511	0.00258980145961911	2.09519581022367	0.0243437048890808	0.0178053672293188	1.3672116152143	1	1
"RING1"	0.000738015035324889	0.000427903487240582	1.72472311474749	0.0153644707399228	0.0127890751843926	1.20137465128621	1	1
"RNF6"	0.000353618033657383	0.000245607632194488	1.43976809880796	0.011282411274246	0.008248852939603	1.36775517236812	1	1
"RNPS1"	0.00112103768117107	0.000505596577807389	2.21725725682846	0.00898269080242094	0.00609231424337972	1.4744299856466	1	1
"RPA2"	0.00316625696271779	0.00133134233626435	2.3782440297077	0.0193147571665249	0.012873624535227	1.5003355980806	1	1
"RPL11"	0.00107166937561189	0.000709347808946403	1.51078125863763	0.0124951152348413	0.00782016670607119	1.59780676096594	1	1
"RPL30"	0.00162410078230525	0.00031904243414296	5.09054786604815	0.0130699354784636	0.00737605114744902	1.77194208895688	1	1
"RPS3"	0.000323768949454433	0.000143960834595415	2.2490071717377	0.0125961164602843	0.00833408995628545	1.51139674833777	1	1
"RPS6KA5"	0.000603464278049827	0.000290198147798241	2.07949045377568	0.0142881254416488	0.0090468738489876	1.57934394578163	1	1
"RPS7"	0.00237482161794289	0.00109649368860508	2.16583245541892	0.0108536595305678	0.00698068640176294	1.55481265106348	1	1
"RUNX1"	0.000377640101068273	0.000255024487892859	1.48079937024294	0.00945274511947347	0.00662100678358067	1.4276899916362	1	1
"RUNX1T1"	0.0029010434918347	0.00195429884151889	1.48444210793268	0.0182463622247378	0.0154906285970565	1.17789682390326	1	1
"RUNX2"	0.00304803334937391	0.00115248456539814	2.64474982215569	0.0128468169471082	0.00941770723760849	1.36411300786734	1	1
"RUVBL1"	0.000557895645284946	0.000347157689959488	1.60703813114452	0.0104977252688141	0.00713536847998681	1.47122398769706	1	1
"RUVBL2"	0.000834658029108343	0.000478532381690302	1.74420386382236	0.0150288626803409	0.0115920903888781	1.29647562917213	1	1
"RXRA"	0.00356750569975346	0.00265414884907406	1.34412420049389	0.0313179656339572	0.028963996190348	1.08127226050367	1	1
"RXRB"	0.00377939771551351	0.000900146822652308	4.19864584354962	0.0198313046216929	0.0110421522419701	1.79596370228587	1	1
"RYBP"	0.00226923630976743	0.000969702737808652	2.34013602446404	0.0170613080637757	0.0124800040033585	1.36709155375145	1	1
"S100A4"	0.00156311018451279	0.00051587473247803	3.03001889044712	0.0108511290552718	0.00730814684179573	1.48479899079389	1	1
"SAP130"	0.000899255476672916	0.000541123382070035	1.66183075148752	0.00800769554146148	0.00711373595232944	1.12566668135037	1	1
"SAP30"	0.00118094519882614	0.000255583919391165	4.6205770755817	0.0164305881226648	0.00862565832376811	1.90485033210626	1	1
"SAP30L"	0.00810415669299524	0.00260472825811763	3.1113252093529	0.012988183199032	0.0065098470025088	1.99515951665631	1	1
"SART3"	0.00072180493593977	0.000346740037399165	2.08168904102883	0.00928388559096898	0.00630564381074341	1.4723136716272	1	1
"SATB2"	0.00165708986479701	0.000761235788376927	2.17684177504342	0.0173911531442016	0.0114882806285764	1.51381688056454	1	1
"SCAND1"	0.0109512442771157	0.00778070144286267	1.40748804687287	0.0133026565799471	0.00889684920377388	1.49520985185456	1	1
"SDCBP"	0.00233261356954566	0.000497968683581528	4.68425755766179	0.0147088213022027	0.00860357246790226	1.70961787758255	1	1
"SENP3"	0.00117398731820402	0.000464020889136254	2.53003118111626	0.0129769277058197	0.00851509383937444	1.52399115624698	1	1
"SERTAD1"	0.00192654811198569	0.00156747525131635	1.22907721213958	0.00767324335948895	0.00706039525057298	1.08680082164894	1	1
"SET"	0.00129186373533939	0.000717931223018307	1.79942547965552	0.0181824052334488	0.013414259474638	1.35545352077212	1	1
"SETD7"	0.000179047568705095	7.94813983785877e-05	2.25269776775003	0.0115783093599441	0.00688023379804806	1.68283661570177	1	1
"SETDB1"	0.000245075160345244	0.000211167603631935	1.16057177393749	0.00916138726918396	0.00633152860835983	1.44694714907988	1	1
"SF3B1"	0.000531058135576099	0.000293683772332545	1.80826516684337	0.00955544933770268	0.00681102135667883	1.4029392711172	1	1
"SFN"	0.000218862860388162	0.000159923038122221	1.36855116659863	0.0106119852803523	0.0071493036219274	1.48433831342742	1	1
"SFPQ"	0.000110583568239777	0.000213574230944336	0.517775799780821	0.00610657424490179	0.00584634926895667	1.04451067905349	1	1
"SHMT2"	0.00016299307112211	0.000144216819821318	1.13019460090754	0.00608278306071207	0.00521143956950584	1.16719823372889	1	1
"SIAH1"	0.00235459466144997	0.00139295875949105	1.69035489773601	0.016600511722427	0.0147497183612674	1.12547991194325	1	1
"SIN3A"	0.0073104054829988	0.0120135985438703	0.608510885086036	0.0240918559152606	0.0208869108378927	1.1534427518862	1	1
"SIN3B"	0.000594011499102723	0.000159018619244497	3.73548394474114	0.00891668600322458	0.00494900540310158	1.8017127234568	1	1
"SIRT1"	0.00526174364484068	0.0036580574057516	1.43839832490534	0.0266268092043863	0.022361648371851	1.19073552904554	1	1
"SIRT6"	0.00856838244410495	0.00376767782147599	2.27418129949027	0.00982270370783743	0.00627215463852775	1.56608123905298	1	1
"SIRT7"	0.000608447044587522	0.000280379423448068	2.17008451299643	0.010629473443795	0.00697863105386093	1.5231459238577	1	1
"SKI"	0.00234622573085689	0.000669835417812957	3.50268986748629	0.0129563358202447	0.00879150492102381	1.47373355718214	1	1
"SKP2"	0.00252334019367182	0.00145496284159279	1.73429871989682	0.0204947049575044	0.0167847318764549	1.22103260918059	1	1
"SLC2A1"	0.00016299307112211	0.000144216819821318	1.13019460090754	0.00608278306071207	0.00521143956950584	1.16719823372889	1	1
"SMAD1"	0.0043619048836428	0.00164568557311217	2.65050928008925	0.0170662215781049	0.0109669226364931	1.55615409570923	1	1
"SMAD2"	0.0133381854552791	0.00963128306603112	1.38488147049919	0.040968372299402	0.0362871525546902	1.129004879555	1	1
"SMAD3"	0.0319903843963665	0.0255432339318829	1.25240149628964	0.064044353517663	0.0569000856026986	1.12555812244025	1	1
"SMAD4"	0.0161070134973989	0.0101921279121042	1.58033863353208	0.0502129761834603	0.0461426666479008	1.08821140673596	1	1
"SMAD7"	0.000979188718403347	0.000275617307501228	3.55271128392032	0.0147812098000862	0.00796055178625706	1.85680719087893	1	1
"SMARCA1"	0.000470815866706537	0.0003547678296251	1.32710980926334	0.012181760712621	0.00849051181768871	1.43474986834623	1	1
"SMARCA2"	0.00112696075395904	0.000555660965371063	2.02814454171073	0.0141131580545385	0.0104080210014114	1.35598862191234	1	1
"SMARCA4"	0.0111748972580936	0.00662016275345632	1.68800944542629	0.0475733165357105	0.0384013791061037	1.2388439593345	1	1
"SMARCA5"	0.000770805868857657	0.00059935167596699	1.28606609402409	0.0130928243175026	0.00955898031591815	1.36968838566387	1	1
"SMARCB1"	0.000466030970053024	0.000325499148987886	1.43174251454147	0.00977489119560094	0.0067554602675727	1.44696154050702	1	1
"SMARCC1"	0.00230524651603037	0.00146053854401098	1.57835376921969	0.0162176033595635	0.0124637521083725	1.30118147557423	1	1
"SMARCC2"	0.00153136056258874	0.00102415593937405	1.49524159721681	0.0177285984096498	0.0146084415396482	1.21358588193911	1	1
"SMARCD1"	0.000480593003837108	0.000303529347299132	1.58334937993155	0.0129694249363851	0.00856811467336353	1.51368479890965	1	1
"SMARCE1"	0.00186015319612097	0.00128401789757983	1.44869724917936	0.0187984833343422	0.0158056504769884	1.18935208403546	1	1
"SMC1A"	0.00171073764286771	0.000645237684878596	2.65132939838997	0.0122205137148128	0.00856406969245587	1.42695168928598	1	1
"SMC3"	0.001232075525199	0.000419429182294141	2.93750548891222	0.0113821340218728	0.00597331976434308	1.90549551521029	1	1
"SMURF1"	0.000716481176093875	0.000343986996764673	2.08287284935957	0.0157040865080488	0.0106461225837162	1.47509916258799	1	1
"SMURF2"	0.000302807673188227	0.00011846490614441	2.55609600381653	0.0126601132995975	0.00834896721508298	1.51636878831266	1	1
"SMYD3"	0.00251066516883697	0.000663220534466788	3.78556609507798	0.0114759248694624	0.00753284700972575	1.52345120704638	1	1
"SNCA"	0.00128910152917084	0.000354563838207053	3.63573887198855	0.0135980266059883	0.00801639189563661	1.69627767492128	1	1
"SNRNP200"	0.000594011499102723	0.000159018619244497	3.73548394474114	0.00891668600322458	0.00494900540310158	1.8017127234568	1	1
"SNRNP70"	8.98825500073879e-05	0.00014883203510834	0.603919377585338	0.00592372165525272	0.00577790935826345	1.02523616899264	1	1
"SNRPB2"	0.000104603333894865	8.20484372360288e-05	1.27489733404614	0.00795553442822856	0.00531505064892933	1.49679371914003	1	1
"SNW1"	0.00218624697317969	0.0013363419006129	1.63599373197607	0.0115487868145857	0.008144918406746	1.41791313772039	1	1
"SORBS3"	0	0.000136889899755416	0	0	0.00563699250827481	0	1	1
"SOX9"	0.000501990946451048	0.000133865094442413	3.74997641126678	0.012730510851931	0.00695424979770723	1.8306087963835	1	1
"SP1"	0.0250837697706197	0.0183508860985668	1.36689692453482	0.0568546130681143	0.052748264384504	1.07784803408274	1	1
"SP100"	0.000474809746679024	0.000118992637673534	3.99024474086963	0.00812588720646088	0.00541231157929375	1.50137091839809	1	1
"SP4"	0.000321766580562902	0.000219464192986777	1.46614614522693	0.00955969859937459	0.00718300085478373	1.33087810967028	1	1
"SPOP"	0.00315694317015998	0.00123494343979012	2.55634636246702	0.0129973644045502	0.00831688437534648	1.56276843803167	1	1
"SPTBN1"	0.00128044133710969	0.000297956408695077	4.29741163386108	0.0187282446880716	0.0118356490919217	1.58235890086116	1	1
"SQSTM1"	0.00102552668692166	0.000253322938291345	4.04829777294862	0.0118269425323744	0.00683991599644064	1.72910640109161	1	1
"SRC"	0.000882447276590434	0.00042383572808784	2.08205023340445	0.0185988470390201	0.0136290122650568	1.36465113372195	1	1
"SREBF1"	0.00183585195230089	0.00132038490809632	1.39039149951187	0.0157332131255371	0.0114935470861759	1.36887359555524	1	1
"SREBF2"	0.00115872830885854	0.000837699142718007	1.38322728264818	0.0202244342000707	0.0172230226648644	1.17426740901464	1	1
"SRF"	0.00623958214102213	0.00132068183998579	4.72451574036124	0.0193257027220897	0.0126455503345683	1.52826110456105	1	1
"SRPK1"	0.00552699623012848	0.00455580365357182	1.21317700463127	0.00857447699542743	0.00592786532850241	1.44646960081896	1	1
"SRPK2"	0.00595520603740465	0.00188257349830236	3.16333255661723	0.0147515324248078	0.00679119664761453	2.17215509876149	1	1
"SRRM2"	0.0111235683004745	0.00548458956634468	2.02814963014416	0.0112839686369459	0.00771976625030479	1.46169822648457	1	1
"SRSF11"	0.00172517257847807	0.000511851721745107	3.37045379586937	0.0115753110195153	0.00680216931368859	1.70170874697596	1	1
"STAT1"	0.00413047034520771	0.00186263921018955	2.21753645183244	0.0273614979346871	0.0188138863380952	1.45432461124655	1	1
"STAT3"	0.00626372847131325	0.00849011025065074	0.737767624493822	0.034827224736223	0.0351665441856809	0.990351072096643	1	1
"STAT5A"	0.00136983191711319	0.000374543090353615	3.65734131103552	0.0176530322017805	0.00996611761509304	1.77130482335931	1	1
"STAT5B"	0.000747080564909328	0.000130681368556812	5.7168100790477	0.0159943582552276	0.00626810309795156	2.5517063145395	1	1
"STIP1"	0.000229072825072176	0.00014015166363755	1.63446383101514	0.00945501161795785	0.00600864279601835	1.57356859759133	1	1
"STK19"	0.00258869798103341	0.000214311735221686	12.0791237976569	0.0143098614660801	0.0070563935707428	2.02792847686553	1	1
"STK40"	0.000557184527829162	0.000145200583216889	3.83734359384	0.00762128734430798	0.0058580386842193	1.30099641793739	1	1
"STUB1"	0.00956220068489532	0.00416522658547366	2.29572161049864	0.0306265794160792	0.0204315491488403	1.49898469239752	1	1
"SUFU"	0.00438511627735769	0.00577386566425294	0.759476671670204	0.0114268285200483	0.00865362579590388	1.32046714169882	1	1
"SUMO1"	0.0171432765904996	0.00712600491177595	2.40573460203062	0.0505038767603345	0.033605975313371	1.50282431292033	1	1
"SUV39H1"	0.0125699445943423	0.0067992959119189	1.84871268395713	0.0108141877551501	0.00655550178346296	1.64963539212668	1	1
"SUZ12"	0.00116502105070874	0.000736516126399323	1.58179978543619	0.0137015631713055	0.0100307759018774	1.36595247519597	1	1
"TADA3"	0.00155135602633904	0.00132585939767072	1.1700758233222	0.0130120810082367	0.00893754196085489	1.45589034045689	1	1
"TAF1"	0.000525955950300731	0.00029849925033135	1.76200090860159	0.0117795685178815	0.0081794308260227	1.44014525807897	1	1
"TAF12"	0.000794428616680792	0.000506178424598696	1.56946360823384	0.0060020853166508	0.00496124200552729	1.20979490820321	1	1
"TBK1"	0.00159351449361899	0.000559246612454347	2.84939498627552	0.0159384647337055	0.00966172073651552	1.64965073700254	1	1
"TBP"	0.0113931292089079	0.00562510348785075	2.02540792956345	0.0356696796375891	0.0293535330072118	1.21517500563988	1	1
"TCEA2"	0.0036385524828077	0.00113876307355136	3.19517954815697	0.0152953640037046	0.00901765057149818	1.69615842645846	1	1
"TCF12"	0.00132848556310955	0.000867623256567546	1.53117790821474	0.0142505928085108	0.0122856907206455	1.15993419764046	1	1
"TCF3"	0.000142000986821425	0.000131223801440058	1.08212828208829	0.0106880684290868	0.00661656677736397	1.61534958970744	1	1
"TCF4"	0.000300524839271702	0.00024403754350901	1.23146969499226	0.0115421742765175	0.00781756100388986	1.47644185581339	1	1
"TCF7L2"	0.000501059833532581	0.000202047352954129	2.47991288282969	0.0100683284666627	0.0068374915941965	1.47251785657893	1	1
"TDG"	0.00103346540224376	0.000377711429143726	2.73612425386924	0.0152969848639062	0.00918127056374864	1.6661076217822	1	1
"TEAD1"	0.00109933281246483	0.000371980304449184	2.95535220364068	0.0187929012655442	0.0108464783562756	1.73262700097226	1	1
"TEAD2"	0.0159156525833233	0.00657090562964972	2.42213988152676	0.0274184730098624	0.0171507205719317	1.59867761210772	1	1
"TFAP2A"	0.00065874388021881	0.000607419484436315	1.08449580083873	0.0141196454180211	0.0117788789585869	1.19872574186933	1	1
"TFAP2C"	0.000463287418769769	0.000209874871274754	2.2074458745624	0.0126552890005285	0.00738450969014736	1.71376158086888	1	1
"TFAP4"	0.000891825009307397	0.000275953198881639	3.23179804735627	0.0155972197175795	0.00966614304758527	1.61359289230423	1	1
"TFCP2"	0.00244930051465732	0.000793287766092878	3.0875309305735	0.0121773429871253	0.00773127921751587	1.57507478963333	1	1
"TFDP1"	0.00156680616796413	0.000897452374818278	1.74583767554394	0.0168851410070679	0.011457954942711	1.47366097104522	1	1
"TFDP2"	0.000551648272273832	0.000185116239570163	2.98001014689338	0.0182798015397257	0.011601513832466	1.57563933497808	1	1
"TFE3"	0	0.00393305989604803	0	0	0.00465470422769329	0	1	1
"TFEB"	0.00437636761487965	0.000218770955069496	20.0043356463358	0.00437636761487965	0.00675229356689637	0.648130530985075	1	1
"TFIP11"	0.00102048613990805	0.000432137198221983	2.36148645408637	0.00996587898849193	0.00677063955446507	1.47192579199105	1	1
"TGFB1I1"	0.000144091759944293	6.95862476089626e-05	2.0706930592667	0.012183126753075	0.00712294087902406	1.7104068333562	1	1
"TLE1"	0.00512948536158906	0.00329648233969436	1.55604818500701	0.0179144306844124	0.0135153629724135	1.32548646462385	1	1
"TLE4"	0.000519720777117921	0.000120820816736943	4.30158304797329	0.0107465004523828	0.00649343029963381	1.65498048897034	1	1
"TMF1"	0.000815807722153354	0.000329336853418387	2.47712247714032	0.0120403430776487	0.00823464201922606	1.46215743799636	1	1
"TOLLIP"	0.000974889316493811	0.00042130961903603	2.31394981848359	0.0152420019706018	0.00628195313087975	2.42631577362108	1	1
"TOP1"	0.000963436863690625	0.000411657843250257	2.34038262476376	0.0086904025993464	0.00565612346185777	1.53645914166308	1	1
"TOP2A"	0.000102118629512746	4.98588160281217e-05	2.04815592602818	0.00845960747866639	0.00563203895408855	1.50205059795	1	1
"TOP2B"	0.000320426465541151	0.000138761828869994	2.30918306677378	0.0120843516778697	0.00678449247500386	1.78117253757626	1	1
"TOPORS"	0.00294584655382582	0.00235192283878485	1.25252687088486	0.00739565505265656	0.00533939647094954	1.38511067550325	1	1
"TOX4"	0.00974438344998891	0.00684082898398061	1.42444482573788	0.00990164527563996	0.0069059970597668	1.43377490461519	1	1
"TP53"	0.0454858856070114	0.0405880403590314	1.1206721291458	0.0885553482801969	0.083809326536914	1.05662880182187	1	1
"TP53BP2"	0.00119919151643337	0.000500773514196017	2.39467839739618	0.00984570861023743	0.00621226583315119	1.58488205023306	1	1
"TP73"	0.00109796916987784	0.000399695052077484	2.74701716764057	0.0157855430399109	0.0097419229505817	1.62037239670103	1	1
"TPI1"	0.000236964128461841	0.000240125200708616	0.986835733036574	0.0121489835111377	0.00853160437631018	1.4239975244131	1	1
"TRAF6"	0.000537015698499111	0.000266711219644867	2.01347247113999	0.0127593979904783	0.00774702673310898	1.64700580365208	1	1
"TRIB1"	0.000513042533177827	0.000155624066218752	3.29667862846273	0.0129624496750826	0.00619288818218896	2.09311863765976	1	1
"TRIB3"	0.000497797069040898	0.000112272647518595	4.43382319775127	0.0113942870437014	0.00549915529552379	2.07200677765477	1	1
"TRIM21"	0.000640088810155722	0.00028072261695433	2.28014691904876	0.0113832985201012	0.0070190111568454	1.62178094117994	1	1
"TRIM23"	0.00782869711899236	0.00109645787275577	7.13998897131928	0.0141961053300026	0.00894744615133109	1.5866097532077	1	1
"TRIM24"	0.000910674139043406	0.00043051378709471	2.11531933782893	0.0143872040926472	0.00922659264257469	1.55931931212176	1	1
"TRIM26"	0.0013834134777757	0.000395022110567177	3.50211656706856	0.012143497139102	0.00723937237293799	1.67742402428371	1	1
"TRIM27"	0.00324058933973491	0.00146537210217831	2.21144468010391	0.0141336395986178	0.00887454025548383	1.59260527213048	1	1
"TRIM28"	0.0102089970428708	0.00782424392999376	1.30479023075128	0.0362416462431503	0.0251170979342457	1.4429073907355	1	1
"TRIM33"	0.00177730195246814	0.00080783781975847	2.20007272375479	0.0135178600435979	0.00881186809930003	1.53405156446585	1	1
"TRIP12"	0.000659542258997472	0.000540473513137936	1.22030449775093	0.00708165763245323	0.00512861712950937	1.38081230351674	1	1
"TRIP4"	0.00119556581353449	0.000504905739970851	2.36789903320075	0.0163108850265599	0.0110855837172731	1.47136005126595	1	1
"TRIP6"	0.00408477940339442	0.00144227666340771	2.83217464930979	0.0151291540166073	0.00846119462448588	1.78806358771431	1	1
"TRRAP"	0.000831506453600732	0.000500224374787156	1.66226696560826	0.0144786274275427	0.0112117859099768	1.29137565984549	1	1
"TSC22D3"	0.000629859678963245	0.000323600886637105	1.94640900248703	0.0142478112830492	0.0100850855211655	1.41276058127097	1	1
"TSG101"	0.000208866992627486	0.000115795862933023	1.8037517691655	0.0103404234353475	0.00720868120387717	1.43444038415597	1	1
"TUBA1A"	0.000298318664304122	0.000119020774461111	2.50644196910007	0.00781421353181575	0.00556301806838068	1.40467160734755	1	1
"TUBB"	0.000223881854622101	0.000109661008447884	2.04158121278358	0.0116860801897956	0.0070800657355869	1.65056097305104	1	1
"TWIST1"	0.00581209464460415	0.00404470782984928	1.43696278918142	0.0212820589205351	0.0172963056923634	1.23043956894978	1	1
"TXN"	0.000449916370236275	0.000286835499155924	1.56855191062561	0.0105475198947381	0.00916658968034705	1.15064819769905	1	1
"TXN2"	0.00243892590006793	0.00100021375840898	2.4384046705651	0.0108652242806016	0.00676194904263855	1.60681842056028	1	1
"TXNL4B"	0.000119763089327348	0.000170142444416132	0.703898957948628	0.0102995141432465	0.00802584948578005	1.28329271082082	1	1
"U2AF2"	0.00643837790337105	0.00106148393069899	6.06545018456508	0.0131822435947203	0.00790450716005287	1.66768696995299	1	1
"UBA52"	0.00246907039404637	0.00161548790105903	1.52837442634376	0.0216243306875315	0.0193306325171207	1.1186561364911	1	1
"UBE2I"	0.0276110512553616	0.0171449333679769	1.61044960996659	0.0683436787287437	0.0552609418329384	1.23674473257	1	1
"UBE2K"	0.000472625305776517	0.00024086362832172	1.9622111859298	0.0103679739387527	0.00595994402167995	1.7396092817379	1	1
"UBE2Z"	0.000280243758356954	0.000475800095242155	0.588994750440993	0.00704104202506759	0.00568212750741947	1.23915593514466	1	1
"UBE3A"	0.000739260982922251	0.00061042325080512	1.21106295008783	0.013140399606289	0.00917411970503562	1.43233356755486	1	1
"UBP1"	0.00351704211522902	0.000476851068387002	7.37555674799214	0.0182880372892698	0.006934796518464	2.63714115339616	1	1
"UBR5"	0.000784495845699514	0.000270646704092777	2.89859744765483	0.0114487016339618	0.0060911170802137	1.87957339896677	1	1
"UBTF"	0.000377544194798439	0.000254079628410713	1.48592863253149	0.00940671281739776	0.00660081127599466	1.42508434555725	1	1
"UCHL5"	0.00116456571137918	0.000751136350904076	1.55040520935712	0.00437636761487965	0.0063853828602826	0.685372781967527	1	1
"USF2"	0.000939882161068361	0.000521755366854394	1.80138474997355	0.00880509780082665	0.00681541527092089	1.29193856145422	1	1
"USP10"	0.000138422532323419	6.93925364873328e-05	1.99477550944815	0.0103847248679034	0.00612921357449215	1.69429972404965	1	1
"USP11"	0.00182449938033897	0.000888448832742378	2.05357845392996	0.0150891297598141	0.0103914313065204	1.45207424412708	1	1
"USP22"	0	0.000235072444040905	0	0	0.00357236243198262	0	1	1
"USP28"	0.000348567853278178	0.000171317081739777	2.03463571605567	0.00897037262018557	0.00495198301574975	1.81147079698281	1	1
"USP47"	0.000514274404924838	0.000237179925526631	2.16828807827202	0.0146660182471649	0.00768458664448774	1.90849800069403	1	1
"USP7"	0.00260757846048871	0.00221692908014196	1.1762119428384	0.0189959162165457	0.0157132411118961	1.20891139398124	1	1
"UTP23"	0.000434440316187432	0.000359722749348763	1.20770876174481	0.00856031804574542	0.00762452510872524	1.12273458657108	1	1
"UXT"	0.000340094669530115	8.3574913240046e-05	4.06933918738612	0.012180542976165	0.00634665314698683	1.91920728832454	1	1
"VDR"	0.00044518524515667	0.000190732631323378	2.33408013126961	0.013784100176469	0.00879235468348999	1.56773704800062	1	1
"VHL"	0.00103857496014791	0.000538786136815909	1.92762005029607	0.0180197002523888	0.014175251536223	1.27120850069868	1	1
"VRK1"	0.000223881854622101	0.000109661008447884	2.04158121278358	0.0116860801897956	0.0070800657355869	1.65056097305104	1	1
"VRK2"	0.00109597830743143	0.00028419330191939	3.85645368849088	0.00912990196078433	0.00437330865301677	2.08764180284563	1	1
"WDFY3"	0.00155888475674574	0.000382922949232151	4.07101418149959	0.0137272936585989	0.00639602078555826	2.14622405380454	1	1
"WDR5"	0.00722696933660904	0.00411971466772747	1.75424026164308	0.0180826770851521	0.0127128295325681	1.42239593780656	1	1
"WDR77"	0.000324491878323619	0.000108813488141569	2.98209242131312	0.0107036440277161	0.00540261878814961	1.9811954993371	1	1
"WWP1"	0.000698948339419129	0.000405976688101705	1.72164648834228	0.0179042924079194	0.0143812971414296	1.24497061925942	1	1
"WWTR1"	0.00241260797014773	0.000749212053898452	3.22019374567449	0.0162162162162162	0.00875037445733053	1.85320254525008	1	1
"XBP1"	0.00239349666256495	0.000486884740801245	4.91594100613233	0.0116279069767442	0.00524837027750271	2.21552717547151	1	1
"XIAP"	0.000817334316184845	0.000183112349577486	4.46356741132296	0.0136348458677598	0.00646788697503689	2.10808350863027	1	1
"XPO1"	0.000940190259402385	0.000518167360268293	1.81445288046623	0.017552645236203	0.0126606350689309	1.38639532224391	1	1
"XRCC1"	0.000519159160188572	0.000348533898081494	1.48955141249183	0.011432394658049	0.0081306570730391	1.40608496402563	1	1
"XRCC5"	0.0138248241958179	0.0107502585159576	1.28599923204605	0.0309716922514209	0.0244917272503776	1.26457770555743	1	1
"XRCC6"	0.016978299158505	0.00659221053168604	2.57550924335583	0.0351856200990503	0.0239598194547662	1.46852609492644	1	1
"YAF2"	0.00132024449469332	0.000462619761930725	2.85384370348412	0.0154580744634187	0.010540303726647	1.46656821893462	1	1
"YAP1"	0.00791772999684482	0.00306507859159106	2.58320619202615	0.0252631246136141	0.0158117146006411	1.59774731910414	1	1
"YBX1"	0.00200626905022672	0.00113227394758013	1.77189367865831	0.0180575817539969	0.0134900565353033	1.33858458685776	1	1
"YEATS4"	0.000908828427968061	0.000377441121785569	2.4078680766649	0.0131538350296507	0.00714283856218736	1.84154169454203	1	1
"YWHAB"	0.000535987219286575	0.000260631633520416	2.05649334291031	0.0118215367004638	0.0066170152382577	1.78653611557595	1	1
"YWHAZ"	0.000945921939389158	0.000465977156563361	2.029974916293	0.0141732466721075	0.00926227678041418	1.53021195631704	1	1
"YY1"	0.00319238312559074	0.00187927683087404	1.6987295714735	0.0238810691344484	0.0203650228715001	1.17265123074666	1	1
"ZBTB10"	0.000279282928365919	9.72924444182794e-05	2.87055104880731	0.0123978296660619	0.00591344409843034	2.09654973644762	1	1
"ZBTB16"	0.00357686993121231	0.00122543010893675	2.91886897924826	0.0193704707616341	0.0130651451013928	1.48260663094887	1	1
"ZBTB17"	0.00145046758274485	0.00108241739178314	1.34002612463146	0.0136563473816587	0.0119619864143921	1.1416454515638	1	1
"ZBTB24"	0.000352706041556092	0.000432484097409775	0.815535284808185	0.00958466453674121	0.00578342012568289	1.65726582687255	1	1
"ZBTB33"	0.00126926479016933	0.000328332030422129	3.8657964272857	0.0131173955602522	0.00626346642401237	2.09427091521778	1	1
"ZBTB7A"	0.000308648582786558	0.000167869586348729	1.83862121483624	0.0104400788935986	0.00725260693161874	1.43949327352674	1	1
"ZBTB7C"	0.000286003584299644	0.000151471153450418	1.88817195739691	0.00868487153175479	0.00661447725986602	1.31300950786408	1	1
"ZEB2"	0.00201051833709637	0.000401376932033256	5.00905302881181	0.0161945974298452	0.00493222949537141	3.28342333726419	1	1
"ZHX1"	0.000673318308014415	0.000267330541846237	2.51867333737607	0.0101892730430827	0.00685927471844539	1.48547382359283	1	1
"ZMAT2"	0.000104603333894865	8.20484372360288e-05	1.27489733404614	0.00795553442822856	0.00531505064892933	1.49679371914003	1	1
"ZMIZ1"	0.000138422532323419	6.93925364873328e-05	1.99477550944815	0.0103847248679034	0.00612921357449215	1.69429972404965	1	1
"ZMYND11"	0.000167457754503813	4.59958846046716e-05	3.64071168416673	0.0117730313947504	0.00576385745897979	2.04256116299487	1	1
"ZMYND8"	0.000433013261030465	0.000138430445863986	3.12802041724203	0.0106835522498979	0.00729039309422376	1.46542883378437	1	1
"ZNF281"	0.000253129945186934	0.000151908687266936	1.66632962038656	0.00803921043993159	0.0059072723403103	1.36090059452199	1	1
"ZNF451"	0.000249312439435172	0.000153906330829366	1.61989723289279	0.00848008775823988	0.00637613032852705	1.3299740314748	1	1
"ZNF587"	0.0013957477303581	0.000679322003106675	2.054618758078	0.011134525470842	0.00668046449131196	1.666729234969	1	1
"ZNF688"	0.000326254167598154	0.000342098416336114	0.953685115214354	0.0109038783361375	0.00765225030889045	1.42492442039817	1	1
"ZSCAN32"	0.00819242441387715	0.00573599606827829	1.42824791306668	0.00894277210631283	0.005847443282638	1.52934738723595	1	1
