"all_genes"	"mean_bet_in"	"mean_bet_out"	"ratio_bet"	"mean_deg_in"	"mean_deg_out"	"ratio_deg"	"pvalue_ratio"	"pvalue_degree"
"ABL1"	0.00040471694190307	0.000577651686162023	0.700624531353922	0.00908822076388345	0.00878079521889664	1.03501112795857	0.927	0.33
"ACLY"	0.000655337013621925	0.00156337678106104	0.419180469839879	0.00638977635782748	0.00562064135460944	1.13684114582178	0.579	0.267
"ACTB"	0.000578995421733322	0.000232533802871588	2.48994087992042	0.0099624643702186	0.00690717771989637	1.44233502802764	0.001	0
"ACTL6A"	0.000764328097130185	0.000810116580533889	0.943479142997508	0.0101620150707113	0.0108738985557096	0.934532818993005	0.729	0.977
"ACTN4"	0.000218940140789165	0.000464973565475565	0.470865780434717	0.0112190515432842	0.0147406046774968	0.761098461612733	1	1
"ACTR5"	0.0012454660621819	0.00123660654153046	1.00716438119474	0.0159304122897527	0.0158411783851259	1.00563303451658	0.429	0.398
"ADNP"	0.000493859098100957	0.000475857750133722	1.03782926297234	0.00586315289423046	0.00600179160297535	0.976900446080773	0.404	0.6
"AES"	0.00413389454350596	0.00505522951678732	0.817746163607052	0.012367810230519	0.0145454031167356	0.850289959739164	0.985	1
"AGTRAP"	0.00807551796086414	0.00903110362126277	0.894189492173604	0.00765348108626092	0.008107760770188	0.94396977207351	0.879	0.761
"AHCY"	0.000371719310637007	0.000341524842340225	1.08841075246498	0.00753289603255789	0.00641751199129678	1.17380318771103	0.298	0.131
"AKAP8L"	8.53430771419262e-05	6.03965444364673e-05	1.41304569554804	0.00648523192206257	0.00517141498898977	1.25405366536431	0.017	0.001
"AKT1"	0.00096760243210102	0.00162857456758515	0.594140699087413	0.0147130820252401	0.0185462449195423	0.793318652323893	1	1
"ANKRA2"	0.00294120665577362	0.00149775312239379	1.96374596840955	0.00701698879041214	0.00618880182265719	1.13382024364118	0.06	0.213
"ANKRD17"	0.00016469614047667	0.000156591834209015	1.05175433513882	0.00692582029704228	0.00655148098344274	1.05713812106691	0.378	0.283
"ANKRD28"	0.00069659586519497	0.000495640561368215	1.40544563841187	0.0146395894060857	0.00921984210816203	1.58783515317749	0.185	0.018
"ANXA1"	0.00441297045599588	0.00267454825196461	1.64998722784467	0.00685955681826847	0.00636223080230573	1.07816849646236	0.037	0.188
"APEX1"	7.89237387196527e-05	8.75199227542566e-05	0.901780260264389	0.00634296505123631	0.00726777648443987	0.87275180583999	0.659	0.922
"APLP2"	4.77568642677449e-05	4.12404676835272e-05	1.15800976444359	0.00698736467576545	0.0062570835973606	1.11671269322866	0.292	0.147
"APP"	0.0205746949277873	0.0219680353856673	0.936574189115287	0.0288549941135983	0.0314874482878463	0.916396713059021	0.983	1
"APPBP2"	0.00434706862983506	0.00319180637069051	1.36194622260079	0.00860673966526692	0.00850893496005688	1.01149435336727	0.043	0.414
"APPL1"	0.000557727619249689	0.000501937434117756	1.11114967989983	0.00780515237265699	0.00701789446576547	1.11217864713297	0.109	0
"AQP1"	0.000548083341365822	0.000413617261644992	1.32509784332029	0.00857484295763182	0.00825153227134475	1.03918189684719	0.055	0.258
"AR"	0.00991445101679151	0.0110678849703994	0.895785513068422	0.0321401094475251	0.0340511915745433	0.943876204072491	0.986	0.998
"ARID2"	0.000144477169632651	0.000131224245225278	1.10099447998059	0.00872172671594165	0.00798061237281758	1.09286434530367	0.271	0.114
"ARID4B"	0.000458291374093399	0.000219904769688035	2.08404471964636	0.0124491993928651	0.00760217785710585	1.63758328558817	0.011	0.005
"ARIH2"	0.000229922925627334	0.000265318884828786	0.866590879031118	0.00728408262297685	0.00630796195453091	1.15474422253685	0.655	0.087
"ARL6IP4"	0.000757522769117371	0.000724287550523404	1.04588677324351	0.00716076558521058	0.00705842725247198	1.01449874441969	0.365	0.391
"ARNT"	0.000783048549570404	0.000746931149213511	1.04835439035435	0.00800675410189615	0.0079847423171457	1.00275673075926	0.326	0.488
"ARNT2"	0.000187539984879394	9.77467831263144e-05	1.91863076084093	0.00559913023219694	0.00537387309445204	1.04191709290222	0.046	0.325
"ARNTL"	0.00311226242442788	0.00323438458830899	0.962242534693452	0.0069450894834417	0.00614619884905452	1.12998125410636	0.425	0.245
"ARRB1"	0.00453003598402063	0.00509829922502747	0.888538664381008	0.00995677270206304	0.0107040265756157	0.930189460174274	0.672	0.898
"ASAP3"	0.000397987408843859	0.000300056998841104	1.32637269045877	0.00570612671242767	0.00549359822201681	1.03868657332076	0.188	0.399
"ATAD2"	0.000438440799286727	0.000467591357546855	0.937658047374824	0.01197758832977	0.0106309695560818	1.12666942244396	0.607	0.003
"ATF1"	0.000335546732439938	0.000696846985770096	0.481521394641782	0.0072582604646667	0.00887509287480585	0.817823606699494	0.957	0.766
"ATF2"	0.00192780034896411	0.0027680752917937	0.696440719903575	0.0160020698956458	0.0202560252663299	0.789990616878077	0.988	0.999
"ATF3"	0.00202373348360224	0.00305696342471457	0.662007751627318	0.0188028787943179	0.0258090849120399	0.728537213093765	1	1
"ATF4"	0.000501693627362509	0.00080958920820003	0.619689124164502	0.0110079505740609	0.013349783489078	0.824578959131951	0.991	0.999
"ATF6"	0.00040934807534372	0.000517907403040984	0.790388538453324	0.0101486649984436	0.0102043128637616	0.994546632775681	0.844	0.541
"ATF7"	0.00108541773438759	0.00202453176860503	0.536132725215509	0.0159807732587416	0.0211360476347679	0.756090899059765	0.996	0.999
"ATF7IP"	0.00031779062824027	0.000283439056515494	1.1211956183706	0.0113078728077134	0.0109415345314504	1.03348143491299	0.113	0.153
"ATM"	0.000996447625793525	0.00107544273683432	0.926546427498946	0.012166662432408	0.0127300446286258	0.955743894648185	0.815	0.906
"ATP2A2"	0.000306455087466041	0.000142814138886986	2.14583156719903	0.00738839015655625	0.00510553038817968	1.44713469410776	0	0
"ATP5O"	0.00147065881647394	0.000979702835939349	1.50112744653215	0.00761860480752236	0.00632824404211846	1.20390502591489	0.006	0.001
"ATR"	0.000468976763658252	0.000438274248392036	1.0700532038532	0.0084365264789879	0.00879478191453402	0.959265000652935	0.253	0.769
"ATXN1"	0.00844634057733779	0.00723225353305821	1.16787119515792	0.0194947446170492	0.0210515540559798	0.926047766602373	0.012	0.997
"ATXN3"	0	0.000187017285240455	0	0	0.00527948002549634	0	1	1
"AURKA"	0.00235388332037532	0.00297794882821703	0.79043780002917	0.0212779881196503	0.0221958393488625	0.958647599904383	1	0.977
"AXIN1"	0.00152654838300875	0.00155213700670834	0.983513940078103	0.00794775286702582	0.00701891013902644	1.13233432393369	0.535	0.08
"BACH1"	0.00398086675777525	0.00701190429128467	0.567729762473114	0.0140963967130193	0.0168407730809387	0.837039763273957	1	0.996
"BAG1"	0.000114619749199353	0.000185827543939132	0.616807103886047	0.00798594973715836	0.0092853842803085	0.860055921874354	0.953	0.919
"BAG5"	0.00129442859778819	0.00102509457602983	1.26274065638068	0.00790251895956341	0.00684759149448363	1.15405817737954	0.061	0.043
"BANP"	0.00779379111298411	0.00875721545925857	0.889985081358725	0.0183670267349277	0.0193851959243612	0.947476971942595	0.989	1
"BAP1"	0.000329596476882226	0.000309270912009703	1.06572090708578	0.0107437219372736	0.0105203785685294	1.02122959428592	0.308	0.292
"BAZ1A"	0.00065666303056448	0.000593825300556868	1.10581854620995	0.00907846396285931	0.00904125996456945	1.00411491301386	0.24	0.457
"BCL11B"	0.00650271764453913	0.0060773414091002	1.06999380268516	0.0125281764803006	0.0126254751906775	0.992293461520659	0.116	0.592
"BCL2"	0.000286363526505032	0.000189858588157192	1.50829904132616	0.00604980607703524	0.00613823136640492	0.985594337506787	0.02	0.568
"BCL3"	0.000549032119025379	0.000501595893603511	1.09457060160736	0.0109193579067534	0.0103453737607528	1.05548220482648	0.265	0.157
"BCL6"	0.000716575786664578	0.000796650094896316	0.899486225201342	0.0111023523994161	0.0114525507839839	0.969421800333117	0.738	0.788
"BCOR"	0.000781801374813989	0.000794666080782376	0.983811180218336	0.0148974990562144	0.0151407924936373	0.983931261357347	0.61	0.757
"BHLHE40"	0.00313880586321125	0.00402837476961222	0.779174243391809	0.00991880320607806	0.0115984896954249	0.855180585278321	0.983	1
"BHLHE41"	0.000230570882443243	0.000221641601217694	1.04028702723898	0.00854700854700855	0.00580911479362408	1.4713099759002	0.366	0.051
"BIN1"	0	0.000289881553690315	0	0	0.00471715229205967	0	1	1
"BIRC2"	0.000222624501715919	0.000169187350068542	1.31584602291914	0.00940146570901778	0.00815087814728552	1.15342979481895	0.009	0.003
"BIRC3"	0.000579448727359486	0.000610830163629542	0.9486249400593	0.0132504954016179	0.0138371947714685	0.957599832947329	0.67	0.877
"BLZF1"	0	0.00109132960827547	0	0	0.00737466919819621	0	1	1
"BPTF"	0.000572899709303791	0.00065355553266801	0.876589181282028	0.00805441550617706	0.00664713628457647	1.21171210598855	0.454	0.001
"BRCA1"	0.00247017914208955	0.0029319921165218	0.842491740741753	0.0213912643814409	0.0245144602022911	0.872597813899309	0.999	1
"BRD4"	0.00010790959152745	0.000131021346479664	0.823603133587084	0.00624055575210728	0.00689014474262343	0.905722010961875	0.647	0.82
"BRD7"	0.000303309832227153	0.000273017608977452	1.11095336803789	0.00816167917597655	0.00702827355639811	1.16126373148163	0.282	0.118
"BRMS1"	0.000704181104068053	0.000591313039659711	1.19087700902604	0.00945677671373741	0.00871634176956285	1.08494790174017	0.263	0.277
"BTRC"	0.00582054424115592	0.00619640488315107	0.93934214289044	0.0294957763182465	0.0307762094516876	0.958395359394368	0.917	0.966
"BYSL"	0.000275990875167159	0.00021884197577232	1.26114231144712	0.00852119499774536	0.0070613812773999	1.20673203485239	0.086	0
"C1orf109"	0.000159932469041928	0.000157509893702315	1.01538046457063	0.00834532788942229	0.0073595954940019	1.1339383932478	0.276	0.048
"CALCOCO2"	0.000933636385992416	0.000860300569147161	1.08524441279628	0.00861338426048261	0.00679453147790793	1.26769362810204	0.345	0.004
"CALM1"	0.000169896939998353	0.0001202634113726	1.41270680799149	0.00751325564992221	0.00653189161557214	1.15024193481877	0.022	0.009
"CALR"	0.00102168178476947	0.000798624949135091	1.27930111108594	0.00932714322025581	0.00830037126308547	1.12370193147103	0.033	0.037
"CARM1"	0.000137362573395719	0.000155429934531072	0.883758806243713	0.00935548711379288	0.00971363841354504	0.963129026992322	0.828	0.848
"CBL"	0.00588999240374586	0.00399301122165303	1.47507534459357	0.00743172326578815	0.00687469636859528	1.08102567260097	0.076	0.21
"CBX5"	0.0179824494130422	0.017918766714814	1.00355396658943	0.0146859111672618	0.0152708473936928	0.96169588947156	0.447	0.948
"CCNA2"	0.000191750920417353	0.000142248579903947	1.34799883799776	0.0114783816444859	0.00937992801440876	1.22371745570474	0.014	0
"CCND1"	0.00123597669384301	0.0014460986607021	0.854697350485708	0.00957183601538655	0.0102436336869104	0.934418030548835	0.828	0.982
"CCND3"	0.0001672104508316	0.000212544697494345	0.7867072328918	0.00931419162084955	0.0100112564478554	0.930371893814074	0.925	0.902
"CCNDBP1"	0.00531826601043784	0.00459567955598013	1.15723168807917	0.00774939590006843	0.00692088882663289	1.11971107963002	0.127	0.124
"CCNG1"	0.000467946113190745	0.000542344053425451	0.862821506449998	0.00773104991227353	0.00773583697590162	0.999381183491456	0.612	0.493
"CCNH"	0.000158692751653509	0.000181789112500852	0.872949702379815	0.00715514826718116	0.00841014112934567	0.850776242293315	0.736	0.976
"CCNK"	0	0.000407440626706531	0	0	0.00528463369583192	0	1	1
"CCT4"	0.000277884728255234	0.000143820814405234	1.93215932898459	0.00719692175649003	0.00634028841527162	1.13510952264491	0	0.046
"CCT5"	0.000277884728255234	0.000143820814405234	1.93215932898459	0.00719692175649003	0.00634028841527162	1.13510952264491	0	0.046
"CDC25A"	0.00012354691369696	0.000164435373771908	0.75134024305704	0.0062014998289182	0.00583358639235604	1.06306813884582	0.611	0.347
"CDC27"	0.00109435824619222	0.00120619588644007	0.907280698346669	0.0086710464749039	0.00929787447318478	0.932583731896074	0.627	0.816
"CDC5L"	0.000535564233254321	0.000587086612874252	0.91224058173003	0.00827016279421749	0.00754551945563568	1.0960362428117	0.584	0.109
"CDC73"	0.000905962261484709	0.00131163543192323	0.690711945892095	0.00954759807984355	0.0087973954959095	1.08527553231895	0.992	0.09
"CDK2"	0.0027579777422882	0.00313126262794764	0.880787742833276	0.0199466583205043	0.0206745463189719	0.964793036459543	0.996	0.93
"CDK4"	0.00135125751640564	0.00160873106778945	0.839952396930084	0.00937961689145262	0.00916329349602926	1.02360760304328	0.899	0.251
"CDK5"	5.19516901673986e-05	7.04078991135487e-05	0.737867353258399	0.0063003996135013	0.00639048558652443	0.985903109896204	0.845	0.479
"CDK6"	0.00673861193476727	0.00750692919970878	0.897652256401817	0.0195156176275408	0.020978281824591	0.930277216729176	0.977	1
"CDK7"	0.000144218254929409	7.37684987678169e-05	1.95501138478268	0.00719841672183374	0.00647601448810744	1.111550435079	0	0.18
"CDK8"	0.00137872221378375	0.00129772072792349	1.06241827237349	0.00773773609224414	0.00805606841671443	0.960485399576569	0.392	0.627
"CDK9"	0.000326458352408467	0.000392885715459634	0.830924463686713	0.0108851976466943	0.0122755156584082	0.886740561423046	0.998	1
"CDKN1A"	0.000730327628374243	0.000627701902482977	1.1634943680835	0.0100358628520645	0.0102687778820038	0.977318135359861	0.113	0.685
"CDKN1B"	0.00113378220060294	0.00136302148289572	0.831815356419939	0.0109948594212367	0.0115016629965101	0.955936495841759	0.875	0.85
"CDKN2A"	0.000201362327404092	0.000184875322135079	1.08917904822888	0.00892470712602376	0.00855320968817043	1.04343368763274	0.247	0.179
"CDKN2C"	0.00018123859850968	0.000192812554054533	0.939973018864846	0.00898540977086146	0.00773985048927166	1.16092808037007	0.533	0.011
"CDYL"	0.000418195639992265	0.000371493178714604	1.12571552844996	0.00963653914171886	0.00812692732330352	1.18575431505172	0.111	0
"CEBPA"	0.000682028298869908	0.000860989604424046	0.792144638408436	0.0124801888287456	0.0142909236403436	0.873294766862635	0.994	1
"CEBPB"	0.00291403155548242	0.00276036263793992	1.05566982954717	0.0291785459735202	0.0289839012598858	1.00671561470932	0.148	0.352
"CEBPD"	6.65946182079153e-05	8.60451208282608e-05	0.773949964470766	0.00788846120090356	0.00737604157383295	1.06947081601173	0.826	0.106
"CEBPG"	0.000236568123700401	0.000177381733706025	1.33366676916387	0.0101184035013261	0.00987542704957266	1.02460414628488	0	0.247
"CEP70"	0.00422480741660591	0.00470847107001153	0.89727798127802	0.00820281977167932	0.00782686724815571	1.04803358886816	0.744	0.161
"CGGBP1"	0.000999666565461298	0.000619599062377024	1.613408777002	0.00684486868847308	0.0064638850685417	1.05894034561127	0.011	0.256
"CHAF1A"	0.000772866325996405	0.000604063161925242	1.27944621475205	0.00933567501902935	0.00859081075861611	1.08670476877473	0.133	0.062
"CHCHD2"	0.000111782537555189	6.58561476018566e-05	1.69737437772685	0.00828753116697672	0.00708961018394997	1.16896852604657	0	0.005
"CHD3"	0.00135082420182882	0.00194828377539592	0.693340579482226	0.011449898300897	0.0131235195941569	0.872471612416757	1	1
"CHD4"	0.000535475157214149	0.000581777428144222	0.920412397095276	0.0088570105631826	0.00922778635791357	0.95981963817216	0.693	0.748
"CHD8"	0.00276472307148472	0.0029580105394973	0.934656261216222	0.0115674821263985	0.0128961631673376	0.896970825841886	0.76	1
"CHEK2"	0.00010952280692127	0.00016283659455675	0.672593327190345	0.00602409638554217	0.00627591566093248	0.959875293264714	0.882	0.59
"CHTF18"	0.000186086822818174	0.000155034729096992	1.20029121153722	0.00558260459209003	0.00598388190814836	0.93294030159387	0.137	0.821
"CHUK"	0.000495974349355548	0.000513010057811911	0.966792642372309	0.0129704339645454	0.0133522701545846	0.971402901108312	0.631	0.766
"CITED2"	0.000294342688397085	0.000383974043452059	0.766569234083748	0.0156447280580658	0.0164953728516926	0.948431308508462	1	0.972
"CLK3"	0	0.000740207495352147	0	0	0.00707738859419933	0	1	1
"CLOCK"	0.00324104044495848	0.00322499241846183	1.00497614394526	0.00801764892785363	0.00886186872501352	0.904735691381098	0.485	0.754
"CLU"	0.00504002960500386	0.00403388995850993	1.24942168895097	0.00814366774992209	0.00755143023305726	1.07842719836995	0.041	0.038
"COIL"	0.000550881384591414	0.000707924927686263	0.778163563743799	0.00717703349282297	0.00808905922842605	0.887251939953895	0.296	0.377
"COMMD1"	0.00170545895776738	0.00142602940333896	1.19594936385895	0.0209023028716595	0.020359400377814	1.02666593729534	0.005	0.183
"COMMD4"	0.000781553093916267	0.000705511201512855	1.10778268614354	0.0167228517343646	0.0162775840371262	1.02735465510256	0.075	0.162
"COMMD6"	0.000710652989890432	0.000639733440556274	1.11085796808197	0.0161493636971276	0.0156311473932108	1.03315280003962	0.083	0.113
"COMMD8"	0.000781553093916267	0.000705511201512855	1.10778268614354	0.0167228517343646	0.0162775840371262	1.02735465510256	0.075	0.162
"COPS2"	0.000140835454905091	0.000185789011153997	0.75803974643234	0.00627642744107513	0.00701299116033089	0.894971531773467	0.889	0.868
"COPS4"	0.00010952280692127	0.00016283659455675	0.672593327190345	0.00602409638554217	0.00627591566093248	0.959875293264714	0.882	0.59
"COPS5"	0.0028392959112451	0.00340606357749286	0.833600385502801	0.0229912559942637	0.0262072563440502	0.877285881911227	0.998	1
"COPS6"	0.00103446155324833	0.00144193006808209	0.717414510000656	0.00903352997862424	0.0092081464999717	0.981036735096689	0.773	0.538
"CREB1"	0.00703447433386096	0.0096073676050348	0.732195812948232	0.0212545519356756	0.024387315882755	0.871541256850878	1	0.999
"CREB3"	0.00647068552054908	0.00472465328737088	1.36955774889247	0.00647068552054908	0.00534195727708475	1.2112948840505	0.043	0.129
"CREB5"	0.00035366216705562	0.000244798669755212	1.44470624537816	0.0148698884758364	0.0106323362464117	1.39855325595584	0.133	0.043
"CREBBP"	0.029291753356626	0.0281635277257543	1.04005981217474	0.0806127684314901	0.0812465485708199	0.992199297687367	0.058	0.705
"CREBZF"	9.90997684129236e-05	0.000277352084379356	0.357306737516265	0.00546448087431694	0.00746637631140061	0.731878577560185	0.835	0.791
"CREM"	0.000286106433209588	0.000221935749418877	1.28914081646935	0.00795631022264652	0.00694041823039917	1.1463733104437	0.156	0.128
"CRK"	0.00116816866484519	0.00126959133662757	0.920113922601435	0.00988575094472571	0.00951209914932096	1.0392817389242	0.788	0.097
"CSE1L"	0	0.000282241056720964	0	0	0.00399535087504412	0	1	1
"CSNK1A1"	0.000296626763515682	0.000727702437689794	0.40762095624878	0.00657488493677883	0.00608311923164317	1.08084104328871	0.842	0.222
"CSNK1E"	0.00053306298108453	0.000349748436165094	1.52413256490704	0.00694996506949965	0.00583290282479588	1.19151051856292	0.033	0.111
"CSNK2A1"	0.00337393029984825	0.00356946937379657	0.945219007793213	0.0143470327284004	0.0163892893306197	0.875390777414382	0.819	1
"CSNK2B"	0.000530634989787636	0.000581584302990058	0.912395652804796	0.00894668020405757	0.00826401295872212	1.08260723316206	0.572	0.151
"CTBP1"	0.00909963793511539	0.00989308550766359	0.91979776461716	0.0277900456989133	0.028947268959437	0.960023059095995	0.958	0.971
"CTBP2"	0.0027468711595263	0.00392662280112253	0.699550554930062	0.0141902695477192	0.0152817308180915	0.928577378873856	1	0.995
"CTNNB1"	0.00937521209095775	0.00913452655622386	1.02634898845085	0.0329191687496518	0.0334313106982993	0.984680769675193	0.251	0.8
"CTR9"	0.0076167524326776	0.00608995318272815	1.25070787970581	0.00944216812271754	0.0102371717623488	0.922341476915025	0.003	0.961
"CUL2"	0.00333920769520952	0.00216970477827494	1.53901476765167	0.00676203886327125	0.00674132807765009	1.0030722114964	0.031	0.457
"CUX1"	0.000294915479275451	0.000257664582938728	1.14457127134769	0.00792825517742818	0.00766549635932111	1.03427812183194	0.205	0.298
"CYC1"	0.000306455087466041	0.000142814138886986	2.14583156719903	0.00738839015655625	0.00510553038817968	1.44713469410776	0	0
"DAP3"	9.67329426316596e-05	7.80322623179215e-05	1.23965318649288	0.00871259928958205	0.00770749568382383	1.13040599008932	0.232	0.173
"DAXX"	0.00104674041776747	0.00145838896124	0.71773747990898	0.0121354739960328	0.0152656402444058	0.794953490436141	1	1
"DCAF6"	9.67329426316596e-05	7.80322623179215e-05	1.23965318649288	0.00871259928958205	0.00770749568382383	1.13040599008932	0.232	0.173
"DCAF7"	0.00015834382827871	0.000146373012196612	1.08178294552017	0.00655353891101195	0.00527414863918606	1.24257759106754	0.407	0.181
"DCTN1"	0.0001918576389344	0.000272620974506028	0.703752304025887	0.00860655913788435	0.0105409474778203	0.816488191027777	0.888	0.979
"DDB1"	0.000163514148540236	0.000285114490252908	0.573503466608072	0.0107874696401072	0.0137199423112226	0.786262026137187	0.999	1
"DDIT3"	0.0027841442194117	0.00437568695685418	0.636275914356841	0.0182864417372583	0.0228839206387525	0.799095663104658	0.988	1
"DDX3X"	0.000594535255667842	0.000536978843468658	1.1071856236037	0.0128991324961202	0.0123365600137764	1.04560205452051	0.057	0.078
"DDX5"	0.000536749901008131	0.000312553465607503	1.71730586946097	0.0103099523696032	0.0089174320780091	1.15615709538491	0.001	0.062
"DDX6"	0.000448619920222573	0.00043829497278639	1.02355707474933	0.00885508257757444	0.00887884638589384	0.997323547757606	0.403	0.513
"DHX9"	6.46481436763347e-05	3.84899497014988e-05	1.67961101995977	0.00657260677516814	0.00521957600068009	1.25922235336965	0.061	0.048
"DNAJA3"	0.0007804472170264	0.000670177065780021	1.16453883141769	0.00799229415789515	0.00698119851575262	1.14483124063312	0.139	0.007
"DNMT1"	0.000170036422284218	0.00015720391717518	1.08162967780719	0.00697466441868716	0.0064772403295713	1.0767956820816	0.299	0.162
"DNMT3A"	0.00303377387945442	0.00484069191113051	0.626723190641129	0.00557692307692307	0.00603199458451183	0.924557043078714	1	0.795
"DPF2"	0.00316161067078553	0.00147432802563422	2.14444181743441	0.0101724927280667	0.00703996664123043	1.44496320032118	0.003	0.004
"DPY30"	0.000720025174936437	0.000889708110892892	0.809282467048474	0.00717691215256644	0.00731471944593542	0.981160276291177	0.436	0.501
"DRAP1"	0.000116707787246054	0.000124269329158476	0.939151985742361	0.00709616782996718	0.00658292036655705	1.07796653078436	0.527	0.242
"DROSHA"	0.000412861548690306	0.000358785525034224	1.15071963577941	0.00974382885197595	0.00925165526412469	1.05319843571774	0.142	0.17
"DVL2"	0.00157254361072284	0.00247096567194766	0.63640852180813	0.00993049409626824	0.00971033100179752	1.02267307823286	0.986	0.36
"DYNLL2"	0.00105590533120982	0.000763173051666734	1.38357261030611	0.00695896118531309	0.0053574998709686	1.29891952457573	0.134	0.011
"E2F1"	0.000438816055437974	0.000439985191972243	0.997342782085397	0.0160271689411085	0.0165702811141052	0.967223720028843	0.49	0.817
"E2F3"	0.00314926989961417	0.00163314649514022	1.92834501312987	0.00731409664418466	0.00626977932288836	1.16656364881678	0	0.002
"E2F4"	0.000185898342076803	0.000186260030883815	0.998058151256089	0.00690978434880874	0.00627792779137794	1.10064731204755	0.424	0.322
"E2F6"	5.66380419448513e-05	5.10929079540384e-05	1.10853040495955	0.00647349849588036	0.00665766484613028	0.972337695797804	0.348	0.487
"EAF1"	0.000241793202580438	0.000188269099188912	1.28429574275394	0.00728505931421968	0.00499098367659691	1.4596439872925	0.206	0
"EBP"	0.00014139931304326	0.000238042314136298	0.594009151508659	0.00616059728209261	0.00606199760733528	1.01626521175759	0.699	0.448
"ECSIT"	0.000224351048319782	0.000235998273721128	0.950646988989804	0.00942966691927851	0.00912624616992424	1.03324704853505	0.736	0.248
"EED"	0.000721781663944188	0.000855802002569583	0.843397960950087	0.0123029503286921	0.0128551507157293	0.957044425285384	0.911	0.904
"EEF1A1"	0.000166251970439147	0.000344851871795403	0.482096761063204	0.00688685933746253	0.0070788096371771	0.97288381669335	0.717	0.493
"EEF1D"	0.000722050918378269	0.000940848114170028	0.767446846630743	0.00911707426315972	0.0103776874476128	0.878526580144496	0.996	1
"EEF2"	0.000192173650622812	0.000122919183131727	1.56341464144671	0.00662251655629139	0.00763081447557473	0.867864967427688	0.004	0.932
"EFTUD2"	0.000275158389019036	0.000261187922488775	1.05348817968741	0.00747470828693573	0.0061218316279035	1.22099213785394	0.344	0.014
"EGFR"	0.0019724464227495	0.00184821535342674	1.06721677162373	0.0106949935333766	0.0124435200033139	0.859482970295258	0.388	0.988
"EGR1"	0.0012620181649026	0.00202343367812937	0.62370127498783	0.0184930183520049	0.0207244589480842	0.892328161537574	0.942	0.916
"EHMT1"	0.000131114041491872	0.000131846437706595	0.994445081509502	0.00552117370795475	0.00555572925318287	0.993780196324662	0.396	0.457
"EHMT2"	0.00349362072283707	0.00352343732064041	0.991537639217059	0.0156079951519587	0.0163328397670998	0.955620417179304	0.524	0.942
"EIF1AD"	0.00120201306986165	0.0011732720305713	1.0244964838004	0.00910439931446358	0.00876895699676057	1.0382533883821	0.425	0.142
"EIF3A"	0.00088067865661644	0.00122572806413794	0.718494323808949	0.00629568919988867	0.00601759569229336	1.04621339182881	0.881	0.262
"EIF4ENIF1"	0	0.000251902579659753	0	0	0.00489095283733226	0	1	1
"EIF5A"	0.000392398056952543	0.000215350219035633	1.82213911232481	0.00668105373884825	0.00534469401756428	1.25003484145066	0.064	0.036
"ELAC2"	0	0.00034489775508302	0	0	0.00720487660343217	0	1	1
"ELF1"	0.000842423617344175	0.00055727473143071	1.51168457823557	0.0100824945167905	0.00854482364314772	1.17995349440311	0.002	0.001
"ELF3"	0.00276163300131647	0.0031512666672381	0.876356491828374	0.0106310339275148	0.011010712300224	0.965517365057169	0.837	0.755
"ENO1"	0.000522323674820456	0.000398078245945841	1.31211308364617	0.00638118507278164	0.00561201963442508	1.13705679745637	0.217	0.198
"EP300"	0.10061649466276	0.101957283238277	0.98684950664698	0.148940731962461	0.1530698829523	0.97302440617188	0.729	0.959
"EPAS1"	0.000951972544662122	0.00107323164503175	0.887014978610663	0.0116448307103348	0.0133545212322479	0.871976651788561	0.899	1
"EPC1"	0.000481636242840703	0.000627184101324131	0.76793439410192	0.00837047804693947	0.00803832233610111	1.04132152169945	0.983	0.231
"EPM2AIP1"	0.000477414144688978	0.000320876660790519	1.48784315915283	0.00725637107396211	0.00570038594501996	1.27296136506362	0.104	0
"ERCC3"	0.000256495720863898	0.000107165397289899	2.39345653868138	0.00814605098770159	0.00616740946672084	1.32082214285551	0	0
"ESR2"	0.000303643711018218	0.000314665979115481	0.964971529085393	0.0154610763796549	0.0159998192866142	0.966328188005846	0.695	0.931
"ETS1"	0.00028366213177824	0.000321640298346382	0.881923481717325	0.00986995812495194	0.0112537759630361	0.87703524198194	0.929	1
"ETS2"	0.00268201270755647	0.00321873205249248	0.833251312571857	0.00852633720315158	0.00889290480452735	0.958779767754946	0.751	0.653
"EXOSC1"	0.000111782537555189	6.58561476018566e-05	1.69737437772685	0.00828753116697672	0.00708961018394997	1.16896852604657	0	0.005
"EXOSC8"	0.00125695121708182	0.0014869113223102	0.845343766115733	0.00872724395478205	0.0090200045766612	0.967543184774356	0.714	0.692
"EYA2"	0.00572478369846038	0.00442544896118591	1.29360517964855	0.00833913364155462	0.00712676032590787	1.1701156290102	0.012	0.011
"EZH2"	0.000207417891829345	0.00023625713143963	0.877932829224864	0.00827658399308236	0.00845359667305612	0.979060666504479	0.865	0.661
"FANCG"	0.000366965509851587	0.00019889999002462	1.84497500380047	0.00852615980850335	0.0050338777103484	1.69375584769882	0.116	0.026
"FANCL"	0.00024981405938091	0.0004676878562545	0.534146987226817	0.0061550506627261	0.00561882799017091	1.09543318882394	0.545	0.266
"FBXO11"	0.000130590781212668	0.000152743463940358	0.854968048018472	0.0085796798827977	0.00579619626515529	1.48022590856278	0.656	0.004
"FBXW11"	0.00173309630898346	0.0018539446427861	0.934815565139512	0.0200508227528271	0.0208100809155087	0.963514886570395	0.806	0.907
"FBXW7"	0.00277417269884021	0.00310887883890131	0.892338634792412	0.0219725947452311	0.0224980039237676	0.976646409151817	0.922	0.867
"FHL2"	0.0102780065584959	0.0115725298876092	0.888138260027362	0.0226348740114594	0.0245791184591172	0.920898528118831	0.998	1
"FHL3"	0.00618194752459136	0.00726176015930821	0.851301528688918	0.014222438712462	0.015665438386401	0.907886416048742	0.992	1
"FKBP4"	0.000334439106534249	0.000428591748002866	0.780320918665966	0.0095153708092633	0.0106384759097753	0.894429887322483	0.872	0.916
"FKBP5"	9.67329426316596e-05	7.80322623179215e-05	1.23965318649288	0.00871259928958205	0.00770749568382383	1.13040599008932	0.232	0.173
"FLNA"	0.000707601671181748	0.000758742107336952	0.932598394552403	0.0104450115028588	0.0111269919506605	0.938709360910321	0.809	0.985
"FOS"	0.00575891762344613	0.00789390798158684	0.729539492590902	0.0248090256641296	0.0283619911621121	0.874727924507334	1	1
"FOSL2"	0.000213353283901421	0.000179352855126784	1.18957283256295	0.0103511311001553	0.00963501565766932	1.07432426349157	0.077	0.048
"FOXA1"	0.00129664497263594	0.00163119084459512	0.79490697053157	0.0100190317017177	0.0118738080302295	0.843792629644191	0.864	1
"FOXJ2"	0.00796831053838581	0.00922124154366154	0.864125562773381	0.0245418124590273	0.0268694351054373	0.913372847725443	1	1
"FOXK1"	0.00025304965577321	0.00031238531994752	0.810056169783272	0.00743355069652194	0.00854482294267139	0.869947890833414	0.873	0.979
"FOXK2"	0.00189648377384721	0.00260639394490312	0.727627447706376	0.012250700908218	0.0148424666987627	0.825381734509073	1	1
"FOXM1"	0.000307031828088367	0.000378871642980819	0.810384819705051	0.00878218660119602	0.00848556548227051	1.03495596369449	0.809	0.27
"FOXO1"	0.000540262359323957	0.0003516297747394	1.53645225215742	0.00840336134453781	0.00561903154055073	1.49551773893659	0.157	0.13
"FOXO3"	0	0.000161984956985902	0	0	0.0057462254136684	0	1	1
"FOXO4"	0	0.000210536462864021	0	0	0.00551461833813282	0	1	1
"FOXP3"	0.000102507489531072	7.74976061056297e-05	1.32271814165916	0.00894937792105087	0.00762713495729701	1.17336037334554	0.168	0.137
"FOXP4"	0.000307840477612601	0.000210027186456124	1.4657172854949	0.0103536325160026	0.00985374037321677	1.05073120701907	0.202	0.292
"FUS"	0.000943867240453396	0.00151899476208078	0.621376231186239	0.00964870123615819	0.0110529746069058	0.872950638114176	0.92	0.988
"FXR2"	0.000300491570753182	0.000253429870298148	1.18569910642209	0.00640110739774441	0.00695458641931597	0.920415249994693	0.302	0.564
"FZR1"	0.000325747666050028	0.00043970294044643	0.740835769074677	0.00770293171392435	0.00657209848510213	1.17206577646175	0.328	0.272
"GADD45GIP1"	0.000370489685980085	0.000492685405532584	0.751980232861967	0.00928814959999922	0.00996641346522379	0.931945040450984	0.924	0.875
"GAPDH"	0.000290845569371387	0.000308122432804913	0.943928576454979	0.00761950935144699	0.00783172154365972	0.972903506460272	0.551	0.626
"GLRX3"	0.000759245252403119	0.000792289352879311	0.958292888379599	0.0127298559616479	0.0131361733959238	0.969068813114027	0.716	0.899
"GNL3"	7.89237387196527e-05	8.75199227542566e-05	0.901780260264389	0.00634296505123631	0.00726777648443987	0.87275180583999	0.659	0.922
"GPS2"	0.000329047335855092	0.000449311015350239	0.732337567105047	0.00739201555000836	0.00740945138734548	0.997646811292007	0.467	0.492
"GRB2"	0.000450385677644589	0.000634789929681407	0.709503501214381	0.00854430884382335	0.00946824335253347	0.902417536779629	0.938	0.986
"GSK3B"	0.0135857812949869	0.0132249176880347	1.02728664294665	0.0298235517009498	0.0298110203456999	1.00042035982347	0.216	0.465
"GTF2F1"	0.000170984872694388	0.000184805055881138	0.925217504895329	0.00839303845988625	0.00761496579551556	1.10217677731775	0.5	0.252
"GTF2H1"	0.000544896847326807	0.000535932160196974	1.01672727967386	0.00838304830028911	0.00799605582061459	1.04839792121971	0.374	0.118
"GTF2I"	0.000297476894186295	0.000299186448648345	0.994285989657039	0.00805161674709418	0.00756475172609558	1.06435968272681	0.432	0.184
"GTF3C1"	0.000494568137271216	0.000534669845795427	0.924997250472296	0.00846815973233033	0.00730964954434112	1.1584905241984	0.73	0.001
"GTF3C3"	0.000150870935860281	0.000180618791142807	0.835300330080241	0.00523029627009822	0.00514211828039342	1.01714818386053	0.65	0.418
"GTF3C5"	0.000266747873771925	0.000167287043991466	1.59455189958125	0.00760373630249808	0.00651374692494838	1.16733677100271	0.058	0.087
"H2AFX"	0.000220530716652491	0.000189950705890656	1.16098919252997	0.00584526244035447	0.00648214762712995	0.901747812081615	0.272	0.767
"H2AFY"	0.000789381141754584	0.000872957609613314	0.904260565532213	0.0116805019673905	0.0125576686222253	0.930148924834475	0.675	0.906
"HAT1"	0.000111782537555189	6.58561476018566e-05	1.69737437772685	0.00828753116697672	0.00708961018394997	1.16896852604657	0	0.005
"HCFC1"	0.00726406309255302	0.00721041275619283	1.00744067478164	0.0312333216366654	0.0318753620514091	0.979857784400751	0.414	0.855
"HDAC1"	0.0417173110336806	0.040172577578014	1.03845243568618	0.0880417731610818	0.0871190861741275	1.0105911003831	0.033	0.187
"HDAC2"	0.0219784971842859	0.0231551141996927	0.949185436735075	0.0590466105337727	0.0598975584837327	0.985793278198626	0.95	0.792
"HDAC3"	0.011346857361107	0.0116520848051991	0.973804907087883	0.0409733234750014	0.0419102336789703	0.977644834644789	0.782	0.901
"HDAC4"	0.00182438544249554	0.00241164483967255	0.756490098576561	0.0218282862767817	0.0250846505149751	0.870184986781086	0.99	0.998
"HDAC5"	0.000960140038056101	0.00120784671429948	0.794918781240347	0.0170365211588924	0.0195576006345878	0.871094643826764	0.995	1
"HDAC6"	0.000358387212290968	0.000375153642933841	0.955307829315602	0.00856146620494117	0.00807303731988336	1.06050125444792	0.355	0.205
"HDAC7"	0.000763163024835998	0.00128049937761239	0.595988594901923	0.0138303124433554	0.0175596615655825	0.78761839410751	0.992	1
"HDAC9"	0.000270059207711609	0.000327493969096648	0.824623453239566	0.0120049310236299	0.0133582919675238	0.898687575688254	0.647	0.694
"HES1"	0.000408592890350104	0.00046518120184328	0.878352110384201	0.0082039592340978	0.00854957143901799	0.959575493650721	0.612	0.712
"HEY1"	0.000545741602480472	0.000299267491905699	1.82359132629226	0.00692542305711909	0.00479831656631448	1.44330265863188	0.063	0.004
"HIC1"	0.00304560328729826	0.00342285049844309	0.889785659257854	0.00824575227677895	0.00863461837253103	0.954964298481429	0.737	0.694
"HIF1A"	0.0153396704900348	0.0161792262227025	0.948109030610519	0.0240076006672149	0.0276971167162809	0.866790609042086	0.908	1
"HIF1AN"	0.00033835443132383	0.00026418357468083	1.28075498914953	0.0109546843156489	0.00921801843805448	1.18839904576725	0.108	0.029
"HIPK2"	0.000217884304055586	0.00016745144238587	1.30117902211616	0.0077833211966231	0.00609504757005548	1.27699105005546	0.143	0.028
"HIPK3"	0.000562314304176734	0.000641991568763525	0.875890481334125	0.00733080275663162	0.00728933422558726	1.00568893259124	0.72	0.434
"HIRA"	0.000818181754024569	0.00147414626505504	0.555020742120198	0.0107099843883993	0.0113093760100996	0.94700046924206	0.821	0.63
"HMGA1"	0.00329950518572154	0.00394113383081846	0.837196940616535	0.0216295748542298	0.0233292461515615	0.927144182615694	0.989	1
"HMGB2"	0.00262442189065119	0.00489244124953934	0.536423792702323	0.00926877806609741	0.00995910334187303	0.930683993118824	0.906	0.583
"HOXB9"	0.000437696489229762	0.000635157380444944	0.68911501732554	0.0101567547331247	0.0114878173872893	0.884132676444058	0.969	0.948
"HSF1"	0.000640315232655883	0.000673458512461485	0.950786456489408	0.00606618617918804	0.00600271680763373	1.01057344092488	0.369	0.41
"HSP90AA1"	0.0012851765316069	0.00150698135611469	0.852815150228763	0.0160755368363732	0.0182882231708232	0.879010316432483	0.99	1
"HSP90AB1"	0.000710003405216854	0.000820569245852207	0.865257147773647	0.0136110931227924	0.0151136338744134	0.900583753443659	0.905	1
"HSP90B1"	0.00023453988331493	0.000173387411821428	1.35269268311406	0.00777600528911634	0.00846868820798931	0.918206586207826	0.011	0.924
"HSPA4L"	0.000562536559432152	0.000506350730006267	1.11096227594101	0.008144470334511	0.00720901087321591	1.12976252605897	0.325	0.104
"HSPA5"	0.00018864963665696	0.000186262194729568	1.01281764091129	0.0077160930080616	0.00616060789251473	1.25248890088214	0.23	0.071
"HSPA8"	0.000815804352840431	0.0008209051417761	0.993786384472348	0.0107038027928721	0.0113767090408844	0.940852293436173	0.398	0.893
"HSPB1"	0.00123722569088392	0.00123836989458328	0.999076040442867	0.00898605632883633	0.0102488555383459	0.87678631972274	0.443	0.996
"HSPH1"	0.000306455087466041	0.000142814138886986	2.14583156719903	0.00738839015655625	0.00510553038817968	1.44713469410776	0	0
"HTT"	0.00244064304082775	0.00217340918884294	1.12295606982645	0.00782946382921774	0.0074328765391443	1.0533558290636	0.255	0.263
"HUWE1"	0.000824020641520237	0.000907773305208053	0.907738349203141	0.0110460454531366	0.0117670238970994	0.938728904583891	0.868	0.989
"IKBKB"	0.00117959595750316	0.00121918899153433	0.967525105372434	0.0149777433951386	0.0156005138684234	0.960080130786888	0.645	0.94
"IKBKE"	0.000303314822674338	0.000305766265043039	0.99198262644064	0.00926016917406289	0.0093724581691595	0.988019258867849	0.47	0.553
"IKBKG"	0.00051758111322057	0.000541336070521272	0.956117911600039	0.0124979778735791	0.0118325372463288	1.05623820262698	0.695	0.125
"ING4"	0.000399060661755596	0.000242887944471622	1.64298258039818	0.0057575565949371	0.00462907093101589	1.24378232278967	0.162	0.21
"INTS3"	0.000675296744687145	0.000774933906430507	0.871424955190941	0.00734617840446451	0.00624772387063647	1.17581675448088	0.558	0.005
"IPO4"	0.00024151165086037	0.00018102845587451	1.33410877142866	0.00833117499784167	0.00553219817530596	1.5059429785125	0.042	0
"IRAK1"	0.000176624606243831	0.00023253546786886	0.759559854944107	0.00648941779596599	0.00730388597493147	0.888488377041904	0.981	0.968
"IRF2BP1"	0.000106008764654304	0.00108332746236537	0.0978547746060477	0.0060611047117547	0.00753620562868918	0.804264773333812	0.933	0.823
"IRF2BP2"	0	0.000128777111727618	0	0	0.00634867556645983	0	1	1
"IRF5"	0.000429520614610514	0.00122453264594482	0.350762893935838	0.00693722966155915	0.00802061543538536	0.864924857381077	0.93	0.891
"IRF7"	0.000143624331168704	0.00016585103265071	0.865983942778235	0.0055958147645805	0.00662400935163009	0.844777606360631	0.493	0.617
"ISG15"	0.000458555610705947	0.000669555469007206	0.684865753371976	0.0107172875286215	0.0115176872761264	0.930506904006332	0.994	0.928
"ITCH"	0.00652410971684084	0.00469554758211474	1.38942468428838	0.00722216875977072	0.007314478971272	0.987379796720473	0.005	0.564
"JDP2"	1.71770976116535e-05	1.41609970699259e-05	1.21298645334324	0.00595501642231916	0.00521715429173054	1.14142999982925	0.301	0.248
"JMJD1C"	0.000547602382575393	0.000357352710779814	1.53238625608972	0.00612266354033953	0.00661215841885109	0.925970485353765	0.068	0.718
"JUN"	0.0276297191722548	0.0279454267891675	0.988702709058817	0.0611980713884264	0.0627684554682119	0.974981317158891	0.643	0.912
"JUNB"	0.000549337615135169	0.000506857801748143	1.08381012039375	0.0123144675670189	0.0124319951308569	0.990546363427512	0.249	0.596
"JUND"	0.00182952093956458	0.00211849984503517	0.863592670942211	0.0192407351248032	0.0212726687159051	0.904481491333398	0.984	1
"KAT2A"	0.000872276705348395	0.00130950298047786	0.666112806425294	0.0138243648786617	0.0163193585194321	0.847114478317297	1	1
"KAT2B"	0.00871387601234979	0.00919311203906241	0.947870098321842	0.0412729393921762	0.0424348615135058	0.972618689448067	0.939	0.947
"KAT5"	0.0139992736428912	0.0125942179851669	1.11156354919211	0.0359810870225085	0.0352429245522166	1.02094498341641	0.002	0.116
"KAT6A"	0.00077943968421627	0.00184391247541224	0.422709697238755	0.00815587789371599	0.00927469355420308	0.879368988964593	1	0.959
"KAT7"	0.000144218254929409	7.97056375241094e-05	1.80938587795356	0.00719841672183374	0.00688465401242287	1.04557421605279	0	0.298
"KDM1A"	0.00278473491034232	0.0034531697336394	0.806428622148094	0.0220950028746118	0.0245876055478544	0.89862361064841	1	1
"KDM2A"	0.000532152577697245	0.000655254416374158	0.812131233913546	0.00758732409297521	0.00867498983658618	0.874620516669217	0.879	0.984
"KDM5A"	0.000165654136597448	0.000121980052215193	1.35804284052287	0.00747534199183754	0.0068448136548941	1.09211767751962	0.09	0.249
"KDM5B"	0.00191557299206372	0.00192110448316414	0.997120671390394	0.0140744486024261	0.0143108314704483	0.983482240811068	0.508	0.711
"KDM5C"	0.000503038623003563	0.000533956389318507	0.942096832375384	0.0128856745240677	0.0137128178179324	0.939681011966553	0.749	0.973
"KEAP1"	0.000996638331824479	0.00127991971134312	0.778672539372513	0.0150294208444145	0.0163186281742421	0.920997812067157	0.997	0.999
"KHDRBS1"	0.000144835296868417	0.000129823756019782	1.11563015359336	0.00791499316656472	0.00745164992658252	1.06217995270139	0.256	0.127
"KIF2C"	0.000487161709233809	0.00086636145913508	0.56230768820229	0.00803827070302446	0.00666859821619233	1.20539136448592	0.725	0.17
"KLF5"	0.000634843544692794	0.000740034118408811	0.857857129692624	0.0128431141837269	0.0138408998564394	0.927910346649293	0.533	0.742
"KMT2B"	0	0.00024452491552568	0	0	0.00657120285448408	0	1	1
"KMT2C"	0.000406239333994601	0.000322139465432554	1.26106664220455	0.00789403123781593	0.00801480893005127	0.984930683527278	0.195	0.526
"KPNA2"	0.00147008404847083	0.0015962989486804	0.920932792498608	0.0105801669167618	0.010571051429125	1.00086230662085	0.793	0.505
"KPNA3"	0.000792987860792786	0.00112171832809688	0.70694027273155	0.011384959074044	0.0124121042617501	0.917246490518818	0.979	0.977
"KPNA4"	0.000303383193975365	0.000275398556317102	1.10161504850462	0.00876407767363684	0.00705686858223771	1.24192162168022	0.25	0.001
"L3MBTL1"	0.000352097473685064	0.000323509062589542	1.08836973798102	0.00654736359893772	0.0064647626642619	1.012777102419	0.303	0.42
"L3MBTL2"	4.37362498800994e-05	3.57728795025887e-05	1.22260915219124	0.00773855606335649	0.00667415692943816	1.15948068724958	0.078	0.002
"L3MBTL3"	0.000900595908339471	0.00113721711366017	0.791929612667251	0.00913320073834755	0.00737982763038922	1.23758998119931	0.564	0.171
"LATS2"	8.48770911234134e-05	0.000113139583057556	0.750198019381377	0.00662729101595028	0.00748423719579006	0.885499863590398	0.717	0.848
"LCOR"	0.000757474079071441	0.000658129118715611	1.15095056202605	0.00937489545583673	0.00878084169320699	1.06765339626716	0.081	0.05
"LDB1"	0.00852283264207809	0.00965224177771732	0.88298996630539	0.00940523155711548	0.0114652226753663	0.820326985652289	0.509	0.633
"LDOC1"	0.000189798774755248	0.000233374153475652	0.813281042174403	0.00554974787848973	0.00536029586641577	1.03534357371222	0.799	0.344
"LEF1"	0.000267535648933993	0.000470215023723621	0.568964485259074	0.0075331568046407	0.00734139454662596	1.02612068549059	0.944	0.383
"LIG3"	0.000246054417954805	0.000190898620462048	1.28892716646804	0.00680768827294566	0.00623509305155733	1.09183427041964	0.172	0.163
"LMNA"	0.000226889631671765	0.000167393251590805	1.35542878530372	0.00874219827441363	0.00587194644760029	1.48880756192631	0.035	0
"LRIF1"	0.000480419703629033	0.000656339449011373	0.731968350146676	0.0088807240923859	0.00951397023840387	0.933440390273471	0.855	0.821
"MAD2L1BP"	0.00147610431196108	0.00106686075120163	1.3835960412814	0.00793469654574667	0.00691420632350838	1.14759325575354	0.001	0
"MAD2L2"	0.000384062654147833	0.00040363428151429	0.951511483878347	0.00965789106210003	0.0101158182221805	0.954731574844203	0.654	0.867
"MAF"	0.000411671483177461	0.000945965181214701	0.43518671865791	0.00731796437974358	0.0079216808707338	0.923789344604803	0.931	0.636
"MAFB"	0.000515055870008912	0.000898183888399351	0.573441448528753	0.00973462900915025	0.0115540731138336	0.842527904509713	0.95	0.973
"MAFF"	0.00145384020069623	0.00246800165811673	0.589075860591445	0.0111899855891815	0.0121926129769319	0.917767636055753	0.853	0.669
"MAFG"	0.000475784792054087	0.000554427430733673	0.858155216859458	0.00889401138068702	0.00885864230533701	1.00399260678227	0.617	0.466
"MAFK"	0.000363987644126407	0.00016499462597081	2.20605757299514	0.00733896040532196	0.00521850161193299	1.40633479704982	0.035	0.027
"MAGED1"	0.000125304620483107	0.000183044457630914	0.684558396932008	0.00625396341779968	0.00595189140221648	1.0507522727096	0.678	0.322
"MAGOHB"	0.000111782537555189	6.58561476018566e-05	1.69737437772685	0.00828753116697672	0.00708961018394997	1.16896852604657	0	0.005
"MAP2K1"	0.000169651696370705	0.00012110710308988	1.40084018230374	0.00759144237405107	0.00554222127477714	1.36974725433645	0.108	0.001
"MAP3K7"	0.000299634739153412	0.000174629996665355	1.71582628915469	0.00694913281340939	0.00604192121896361	1.15015283410157	0.2	0.255
"MAPK1"	0.0154457102358096	0.0135944364444821	1.13617878158376	0.0193746696498437	0.0218715605421104	0.885838466466107	0.001	1
"MAPK10"	0.000333589397009453	0.000242021816806681	1.37834432205719	0.00863027566061801	0.00871856258230071	0.989873683781094	0.024	0.56
"MAPK14"	0.00211149797532688	0.00293514112459512	0.719385503352295	0.0178279672000508	0.0216323962389428	0.824132796160457	1	1
"MAPK3"	0.00596915365582401	0.00637953655720905	0.935671988442281	0.0184996516359582	0.0198890129709146	0.930144279306963	0.877	0.999
"MAPK7"	0.000405573895737503	0.000730922677057217	0.55487934424253	0.0166184418535119	0.0201727971620378	0.82380453836047	0.989	0.991
"MAPK8"	0.0101738724072096	0.0109244745153313	0.931291696724783	0.0263359340909134	0.029998006410594	0.877922810284241	0.954	1
"MAPK9"	0.000746691442980549	0.000928021200724685	0.80460601804944	0.0121765684517111	0.0153953292027769	0.790926149829568	0.996	1
"MAPKAPK2"	0.000384913183110522	0.00048691338083644	0.790516749507484	0.00979414348428362	0.0100779855659375	0.971835434790341	0.863	0.724
"MAPKAPK3"	0.000143727366901898	0.000202253672047718	0.710629208591023	0.0107267938020932	0.0119643795034522	0.896560811950016	0.964	0.987
"MAX"	0.00509639557390826	0.00633741091387609	0.804176286367898	0.0247943710043154	0.0263294088138129	0.941698736179286	1	0.997
"MBD1"	0.000518951344012663	0.000578157469059052	0.897595156657327	0.00858838340436146	0.00916469818076923	0.937115793118306	0.67	0.806
"MBD2"	0.00599496980760535	0.00442709461319938	1.3541544356724	0.0079687812007991	0.00638066730366406	1.24889464088232	0.001	0
"MCM7"	0.00236543859589963	0.00259146980562946	0.91277876005392	0.010886385320545	0.0104650825210559	1.04025795292502	0.85	0.162
"MCRS1"	0.000733523615563433	0.00154719603421769	0.474098691659539	0.00770446409676461	0.00947865243674834	0.812822724345786	0.996	0.98
"MDM2"	0.00701419052547299	0.00749530388439559	0.935811360507447	0.0426441941742736	0.043621022227447	0.977606484137855	0.901	0.885
"MDM4"	0.000153450722442895	0.000138679836021712	1.10651070007662	0.00927961499345367	0.00839616427397444	1.10522075207814	0.186	0.014
"MECP2"	0.00103238380591548	0.00097570268819293	1.05809261203075	0.0106662004935455	0.0117533727563354	0.907501252165776	0.264	0.993
"MED1"	0.00234381686687556	0.00290786733022696	0.806026066771288	0.020402403635942	0.0223400874200609	0.913264270292028	0.999	1
"MED12"	0.00102635148026694	0.00119876331667143	0.856175248269008	0.0128667460931991	0.013201766506623	0.974623061750425	0.824	0.754
"MED13"	0.000129212127224006	8.57457405561543e-05	1.5069218177594	0.00713270093045732	0.00617014154166873	1.15600280516875	0.06	0.152
"MED14"	0.000180979468652424	0.000258031687998362	0.701384663474251	0.00752948651184493	0.00791920006299766	0.950788773101761	0.818	0.697
"MED15"	0.000171323888801778	0.00013434533814626	1.275249972688	0.00789084277140328	0.00771143227110387	1.02326552240778	0.105	0.375
"MED17"	0.000180728392539963	0.000280943870549178	0.643290035787868	0.00826412774410806	0.00724730357487617	1.14030379143449	0.68	0.204
"MED23"	0.00120790598878309	0.00129614564268634	0.931921497864727	0.0127598425518284	0.0137390128932891	0.928730662889256	0.728	0.968
"MED25"	0.000109517315034066	0.000150902407542163	0.725749289344281	0.00732464380154435	0.00766408127149529	0.955710611888552	0.745	0.595
"MED31"	0.000348727971264178	0.00106243043025632	0.328236053235074	0.00643678212146377	0.00754855089505294	0.85271758923719	0.859	0.845
"MED6"	0.000156009855157512	0.000136215765842524	1.14531423137811	0.00923136158677635	0.00839692704118274	1.09937379966518	0.185	0.017
"MEF2A"	9.56485781451718e-05	0.000145836436966409	0.655862006332496	0.00783095119877203	0.00781805798223438	1.00164915846965	0.704	0.448
"MEF2C"	0.00185593179310173	0.00187046237003981	0.99223155880021	0.0121239512383619	0.0121940443175284	0.994251859568384	0.505	0.556
"MEF2D"	0.000366335894181104	0.000362578154880798	1.01036394291747	0.0107765331324096	0.0104897397371101	1.02734037282974	0.449	0.258
"MEIS1"	0.000400750662756962	0.0005628398389661	0.712015452731836	0.00721474188236563	0.00741736199481895	0.972682995302798	0.328	0.596
"MEN1"	0.00165279167111736	0.00217990886273627	0.758193014107363	0.0188690533516196	0.0200591167116748	0.940672195233675	1	0.99
"MFAP1"	0.000104208057546988	7.87589851335971e-05	1.3231259566159	0.00678766380407445	0.00511401388161268	1.32726737963683	0.059	0.003
"MITF"	0	0.00483690055985229	0	0	0.00650455290990961	0	1	1
"MLLT6"	0.000652493330705093	0.000544255042986427	1.19887420266194	0.00872148694706737	0.00711513023649139	1.22576631167444	0.233	0.061
"MNAT1"	0.00137121764718539	0.00181058724505804	0.757333097826739	0.0124063360537551	0.0118405104884309	1.0477872610203	0.957	0.295
"MNT"	0.00102181638321033	0.00181064633575645	0.564337917920029	0.00887530651831791	0.00756420323570928	1.17332999150778	0.804	0.135
"MORF4L1"	0.000825681662091717	0.000531960894740939	1.552147291755	0.0079873853818051	0.00722955840840633	1.10482341113914	0.099	0.129
"MORF4L2"	0.000354912155327851	0.000338463748960909	1.04859724687633	0.00966269268028485	0.00841191873770225	1.14869068301583	0.253	0.001
"MRPL10"	0.000111782537555189	6.58561476018566e-05	1.69737437772685	0.00828753116697672	0.00708961018394997	1.16896852604657	0	0.005
"MSH2"	0.000590961490889915	0.000743195242184841	0.795163178322576	0.00922793052799043	0.00959721364740897	0.961521840298071	0.917	0.754
"MSH3"	0.000950771390366499	0.00187554961440789	0.506929479797663	0.00753212673117114	0.00718371221956934	1.04850062209517	1	0.238
"MTA1"	0.000272353798880316	0.000274666977636729	0.991578242217846	0.00797942510482313	0.00818468673629772	0.974921259898159	0.496	0.621
"MTDH"	6.46481436763347e-05	3.84899497014988e-05	1.67961101995977	0.00657260677516814	0.00521957600068009	1.25922235336965	0.061	0.048
"MTOR"	7.89237387196527e-05	8.75199227542566e-05	0.901780260264389	0.00634296505123631	0.00726777648443987	0.87275180583999	0.659	0.922
"MUC1"	6.55487368550722e-05	0.000101449663895977	0.646120788751785	0.00696297594077283	0.00743685706376042	0.936279382684817	0.986	0.739
"MYB"	8.52243897322663e-05	8.88775860869806e-05	0.958896314407784	0.00699301948714152	0.00701628868616434	0.99668354595091	0.439	0.49
"MYBBP1A"	0.000374419848296226	0.000411282593453858	0.910371249004081	0.00745308217739863	0.00685269473261382	1.08761333580604	0.762	0.106
"MYC"	0.00470755983453397	0.00550477713524412	0.855177188626584	0.0327781482910634	0.0350860846893359	0.93422074823373	1	1
"MYD88"	0.00017520761656933	0.000368734595621224	0.47515914874803	0.0101934120256411	0.0133291307744095	0.764746943980122	0.997	1
"NAA10"	0.00136917188884329	0.000813824541203563	1.68239198933277	0.00797540088499991	0.00552146107309443	1.44443667707146	0.009	0
"NACC1"	0.00135190752849323	0.0013781256234353	0.980975540621096	0.0105409440283948	0.0106879932538139	0.986241643129154	0.553	0.675
"NBN"	0.00027310082535803	0.000188428227367766	1.44936259908131	0.00834653395911817	0.00762674561181671	1.09437686582679	0.124	0.172
"NCBP1"	0.00259865495047456	0.00108179670224262	2.40216571661515	0.00652457908782935	0.00710820594564193	0.917893929596904	0.159	0.666
"NCL"	0.000153581891055118	0.000127896094445832	1.20083331489192	0.00660639818217438	0.00535484498729981	1.23372351540388	0.227	0.037
"NCOA1"	0.00289836712980842	0.00367137226778437	0.789450624563754	0.0225792304960684	0.0266339880442984	0.847760029722696	1	1
"NCOA2"	0.00093633478391131	0.000965063085416746	0.970231685431186	0.0169077185306026	0.0181822832831523	0.929900731789242	0.589	0.955
"NCOA3"	0.00174895703580447	0.00189212089991587	0.92433683063394	0.0200213589227055	0.0219512860310024	0.912081364819757	0.899	1
"NCOA4"	5.81047106755992e-05	6.22745018665561e-05	0.933041757605833	0.00677842154973362	0.00674066392848627	1.00560146917988	0.588	0.474
"NCOA6"	0.00223456076565322	0.00232631966199433	0.960556196192556	0.0121676029790816	0.0145107683282043	0.838522310044169	0.58	1
"NCOR1"	0.00510145531581714	0.00536478572103257	0.950915018994507	0.0355025737268993	0.0364518084108953	0.973959188161644	0.793	0.923
"NCOR2"	0.0145352523401267	0.015910150067341	0.913583610374831	0.0479190519121875	0.0488993209333802	0.979953320363525	0.986	0.861
"NDUFAF3"	0.000404557280271085	0.000349123269303584	1.15878062518743	0.00583579561683661	0.00506671958357604	1.15178973704279	0.194	0.049
"NEDD9"	0.00022635621832521	0.000233188425059819	0.970700918225866	0.00828135094200308	0.00744098117072817	1.11293803222898	0.551	0.025
"NEK6"	0.000328638732203329	0.000285235301762484	1.15216710614939	0.00892413452953839	0.00874450569472668	1.02054190838026	0.145	0.372
"NFATC1"	0.00362567780808694	0.00364082115501258	0.995840678165478	0.0172686608134115	0.0192707850924386	0.896105723278876	0.537	1
"NFATC2"	0.000521252202442133	0.000596002855750751	0.874580041710608	0.0131458885975209	0.0146610032576164	0.896656822628537	0.976	1
"NFATC4"	0	0.000138838050833286	0	0	0.00677225473063213	0	1	1
"NFE2L1"	0.0018620506572122	0.00337074112549732	0.552415800527391	0.0115721580956626	0.0144119604607556	0.802955165410986	0.989	0.956
"NFE2L2"	0.00699804961456987	0.00897827738627473	0.779442348848336	0.0168617678557499	0.0201884038528624	0.835220455200038	0.98	1
"NFIA"	0.0014847217101162	0.00142497276023489	1.04192988915203	0.0104451433383873	0.0104762065205342	0.997034882608892	0.313	0.538
"NFIB"	0.00011761832784349	0.000675053529866082	0.174235557092521	0.00968795946285353	0.0112777825854921	0.859030522127311	0.639	0.555
"NFIC"	0.00153945931261008	0.00161541682046306	0.952979623035487	0.0118680877196015	0.0126030471380637	0.941683990354802	0.696	0.947
"NFIX"	0.00279476667663339	0.00343888362015535	0.812695916853137	0.0132519410148648	0.0150198880245667	0.882292930093068	0.995	1
"NFKB1"	0.0019605831746187	0.00258897518943591	0.757281561684598	0.0201395262844838	0.0220337413130509	0.914031166942805	1	0.995
"NFKB2"	0.000332429863640458	0.000237906743486418	1.39731164728181	0.00737071660049248	0.00695391301983951	1.05993799166941	0.082	0.289
"NFKBIA"	0.000299535096748688	0.000450784842844291	0.664474641291684	0.0105487818957186	0.0110174432113113	0.957461880528544	0.998	0.783
"NFKBIB"	0.000488395558602793	0.000436967067410851	1.11769420404304	0.0157076123743507	0.0149764914983591	1.04881790077948	0.099	0.077
"NFYA"	0.000608168160441127	0.000604297972921107	1.00640443571457	0.0137140926485271	0.0138517191426889	0.990064302290269	0.453	0.62
"NFYB"	0.000383444243923288	0.000455876255625205	0.841114752505412	0.00669062285864784	0.00615367620222842	1.08725624143581	0.577	0.254
"NFYC"	0.000755190744033192	0.000813906767922064	0.927859029801686	0.0133917851701487	0.0128492582914038	1.04222242766401	0.783	0.13
"NIN"	0.000562444428419102	0.000581116546960576	0.967868547816896	0.00786197811588767	0.00701539329224987	1.12067531902638	0.544	0.193
"NLK"	0.000662282129665825	0.000871643157788823	0.759808786138925	0.00839354812846931	0.0107905001766146	0.777864602297117	0.933	1
"NMI"	0	0.000562457261768943	0	0	0.00585078765189578	0	1	1
"NOL9"	0.000111782537555189	6.58561476018566e-05	1.69737437772685	0.00828753116697672	0.00708961018394997	1.16896852604657	0	0.005
"NONO"	0.000952916382811763	0.000761474709977485	1.25140910174146	0.00914576356812079	0.00825782620881655	1.10752676755975	0.047	0.061
"NOTCH1"	0.0014524309559711	0.00148825979154862	0.975925684627786	0.0150442697679577	0.0166726688396196	0.902331229191554	0.569	1
"NPM1"	0.00400352098651946	0.00514047925863257	0.778822515390218	0.0267886638013553	0.0292466264531589	0.915957395778953	1	1
"NR1H2"	0.000472710343898143	0.000539838782437957	0.875650952240489	0.00957661596615027	0.0108485134120867	0.882758365351757	0.765	0.979
"NR1H3"	0.000562741774166148	0.000235870909345561	2.38580406429733	0.00703026229439874	0.0056876052131346	1.23606720771749	0.118	0.2
"NR2C2"	0.000652436078234338	0.000281499959267987	2.31771286905666	0.00879997671299977	0.0065069871856647	1.35238881865123	0.015	0.067
"NR2C2AP"	0.00077055239946747	0.000872183444528839	0.883475149982615	0.0108262304734647	0.0107121514697674	1.01064949501687	0.65	0.377
"NR2F1"	0.000333182777799851	0.000324434596340667	1.02696439146088	0.00624875139459285	0.00598377148571401	1.04428309294756	0.308	0.283
"NR2F2"	0.000584067607459212	0.000475193748772987	1.22911466947398	0.00834736929690298	0.00783335284123301	1.06561895858492	0.212	0.233
"NR2F6"	0.000401493070264835	0.000767976595516892	0.522793367152819	0.00708934012284485	0.00864728635736518	0.819834087812603	0.985	0.989
"NR3C1"	0.00287939007882938	0.00329164484427483	0.874757215632639	0.0165004451662933	0.019067839161809	0.865354748709126	0.947	1
"NR4A1"	7.89237387196527e-05	8.77420402997981e-05	0.89949741822717	0.00634296505123631	0.0072228858948381	0.878176001059267	0.652	0.902
"NRBF2"	7.27350789680943e-05	8.52562462679496e-05	0.853134898051894	0.00792680346155032	0.0075803755974546	1.04570061992865	0.685	0.348
"NRF1"	0.000389046493592002	0.00109306263321889	0.355923331169345	0.00683002593519027	0.00667749848624851	1.02284200427089	0.843	0.403
"NRIP1"	0.000342822718972861	0.000617761615218391	0.554943380306441	0.00935681401995703	0.011528302712105	0.811638473904065	0.999	0.999
"NSD1"	0.000100708616768136	0.000148166158688405	0.679700531211907	0.00683787128958062	0.0080121065920545	0.853442376361	0.972	0.981
"NUP205"	0	0.00475147072512908	0	0	0.0052593313305342	0	1	1
"NUP62"	0.00588819488640894	0.00557755168974217	1.05569526092211	0.0132438973862161	0.0131193268073805	1.00949519595514	0.218	0.401
"NXT2"	0.000294557388078841	0.000229559606747974	1.28314119479315	0.00751733403541818	0.00680497871661805	1.1046814910766	0.152	0.199
"OAT"	0.000306455087466041	0.000142814138886986	2.14583156719903	0.00738839015655625	0.00510553038817968	1.44713469410776	0	0
"OGT"	0.00105715680836787	0.000987155857424671	1.07091175159089	0.00904117338914935	0.0090659994639357	0.997261628474048	0.272	0.53
"ORC4"	0.000697339538220808	0.000509602872413126	1.36839797412972	0.00849179351797793	0.00732678476178021	1.1590068214198	0.051	0.019
"OTUB1"	0.00276798473461951	0.00213317310944342	1.2975902998054	0.00918098806075587	0.00849134269452396	1.08121746949121	0.003	0.011
"PABPN1"	0.000250275091336323	0.000279702833012339	0.89478926130606	0.00594421295228528	0.00620685893281441	0.957684557781622	0.506	0.551
"PAK1"	0.00268713140495719	0.00276760156315801	0.970924225772945	0.0081768671992474	0.0082499710125283	0.991138900588875	0.525	0.518
"PARP1"	0.00708517040667178	0.00653640066323007	1.08395595247531	0.0451542925031367	0.0427054830184837	1.05734180511653	0.012	0
"PATZ1"	0.00465243636399514	0.00643542427288671	0.722941668911632	0.0125940298497392	0.0151317013269525	0.832294371770795	1	1
"PBX1"	0.00725430470605895	0.00882056378164523	0.822430956301737	0.0126028685465797	0.014314272353568	0.880440740212565	0.953	0.983
"PBX2"	0.00733434067928353	0.00793492939847874	0.924310767111507	0.00893676763296664	0.00815746162108642	1.09553290571	0.701	0.095
"PCBP1"	0.000999634976445433	0.00147152128781083	0.67932077145318	0.00740140708454336	0.00715681187112861	1.03417656043209	1	0.229
"PCGF2"	0.000657081168452439	0.000735810511935791	0.893003236286706	0.00563532732173831	0.00566711030041537	0.994391678123022	0.402	0.5
"PCGF6"	4.37362498800994e-05	3.57728795025887e-05	1.22260915219124	0.00773855606335649	0.00667415692943816	1.15948068724958	0.078	0.002
"PCNA"	0.000192173650622812	0.00010210757559027	1.88207044885633	0.00662251655629139	0.00653721814586928	1.01304812054895	0	0.468
"PDGFRB"	0.000188292431542399	0.00014109940268403	1.33446653891264	0.00723937013807741	0.00705516457760902	1.02610932153915	0.175	0.418
"PDS5A"	0.000647083824756244	0.000568124644784331	1.13898214185355	0.00651739879629527	0.00573479034684211	1.13646679339971	0.249	0.092
"PELP1"	0.000416543805046386	0.000357799014299812	1.16418376909599	0.0107394897161954	0.0106457851946791	1.00880203008071	0.053	0.416
"PGR"	0.0138087100490543	0.0144332677294863	0.956727908597156	0.018922708305039	0.0193616392601371	0.977329866071732	0.957	0.852
"PHB"	0.000247331446211488	0.000237231237912984	1.04257537239766	0.0082820255533007	0.00828139757188493	1.00007583036683	0.309	0.485
"PHB2"	0.00289730738651314	0.00184652106458412	1.56906273211981	0.00737127611802066	0.00671646501720292	1.097493413446	0.055	0.125
"PHF1"	0.00135444619674176	0.00111321196646221	1.21670107539914	0.00837390122842299	0.00750913746526818	1.1151615304893	0.076	0.084
"PHF8"	0.00109828073325847	0.00133963139676236	0.819838006120795	0.010898064727695	0.011714984792212	0.93026708279979	0.955	0.984
"PIAS1"	0.00549086693354037	0.00651552158239652	0.842736358724597	0.0258981229092162	0.0280257063424222	0.924084574097406	1	1
"PIAS2"	0.000565966121488332	0.000294387127543315	1.92252333249543	0.00795515878461716	0.00777278150013539	1.02346358050572	0.001	0.317
"PIAS3"	0.000993359621997717	0.00111073440284513	0.894326870089948	0.00865230682912775	0.00992533156136795	0.871739828098524	0.705	0.99
"PIAS4"	0.000449699325911272	0.000645411920060566	0.696763279285377	0.010325923640614	0.0127204706264622	0.811756415610372	1	1
"PIK3R1"	0.00160745725551085	0.00136923293967255	1.17398377510204	0.00702328348449632	0.00801160480706644	0.876638782569705	0.21	0.936
"PIN1"	0.00514228236212941	0.00498818999060009	1.03089143994509	0.020571295212613	0.0220665128150404	0.932240421721355	0.244	0.999
"PKM"	0.000218560146147635	0.000114520613810045	1.90847864743513	0.00726993924097978	0.00605996088818844	1.19966768352412	0.001	0.01
"PKNOX1"	8.33119421744745e-05	0.00255695126054854	0.032582530398566	0.00632911392405063	0.00874478069796922	0.723759021826634	0.808	0.517
"PLK1"	0.00108357684405389	0.00120792896967822	0.897053445404614	0.0132315288944612	0.0143051628422201	0.924947799644042	0.886	0.996
"PML"	0.00729495957645814	0.00749203681552426	0.9736951053607	0.0341885502743058	0.0350408357174442	0.97567736540273	0.732	0.896
"PNKP"	0.000844550624205058	0.000663512993109386	1.27284715292052	0.00801118252523087	0.00672017730447705	1.19210880342305	0.042	0
"PNMA1"	0.00187852464059476	0.0017780669653698	1.05649825185525	0.00881057268722467	0.00756714831114784	1.1643187532409	0.179	0.179
"PNO1"	0.000494568137271216	0.000534669845795427	0.924997250472296	0.00846815973233033	0.00730964954434112	1.1584905241984	0.73	0.001
"PNRC2"	0.000334383078163519	0.000361938638042477	0.92386676363709	0.0107085416089153	0.00994426822186575	1.07685566901434	0.576	0.245
"POGZ"	0.00340507861668244	0.00348902042454507	0.975941153203889	0.01784079478861	0.0184353069618416	0.967751436172874	0.607	0.921
"POLR1A"	0.000111782537555189	6.58561476018566e-05	1.69737437772685	0.00828753116697672	0.00708961018394997	1.16896852604657	0	0.005
"POLR2A"	0.00061828459458634	0.000628944551653571	0.983051038379767	0.00881381380512616	0.00880557023363437	1.00093617690542	0.548	0.494
"POLR2L"	0.000592536573916831	0.000474954422161012	1.2475651268196	0.00886454023466043	0.00765662058477595	1.15776146101405	0.068	0.002
"POU2F1"	0.00789320007156808	0.00754855241942327	1.04565744966651	0.0199271557305018	0.0197236505933711	1.0103178230707	0.233	0.297
"PPARD"	0.000352162502595897	0.000215031994489325	1.63772141644428	0.0056657223796034	0.00520577352202031	1.08835360501903	0.179	0.336
"PPARG"	0.0047767123457373	0.0040421098765371	1.18173738261404	0.0437692956445156	0.0413817001713353	1.0576968917008	0	0.001
"PPIG"	0.00252449525104235	0.00218065001292691	1.1576801577865	0.0114537486367107	0.0107220239474395	1.06824501538686	0.085	0.049
"PPM1G"	0.00373514574364666	0.0033491791012999	1.11524216253379	0.0064817031631655	0.00572746171375576	1.13168860607104	0.366	0.265
"PPP1CA"	0.000549079696888367	0.000537477447767894	1.02158648547703	0.0086839189838775	0.00870733940358148	0.997310266819926	0.444	0.49
"PPP1CB"	0.00027404384261496	0.000315945955241801	0.86737569533127	0.0088429685262724	0.00765118085584356	1.15576519401167	0.535	0.16
"PPP1CC"	0.000543783073261259	0.000387099852649668	1.40476176763982	0.00903661644061074	0.00829673441298501	1.08917749933851	0.047	0.123
"PPP2CA"	0.000213044146659705	0.000211928556279453	1.00526399273339	0.007866979309653	0.00751127949775477	1.04735542220264	0.404	0.186
"PPP2R1A"	0	0.000366373983723575	0	0	0.00522864833847301	0	1	1
"PPP3CA"	0	0.000266104048449725	0	0	0.0068034809489758	0	1	1
"PPP3CB"	0	0.000250864400475092	0	0	0.00666551180306036	0	1	1
"PRDM10"	0.00116386085839618	0.000743508492203416	1.56536323471845	0.0067920972015005	0.00637345693219304	1.06568496088722	0.094	0.317
"PRDX1"	0.000251271884902381	0.000285802700645318	0.879179533066099	0.00797068227102707	0.00737246629387889	1.08114190737567	0.734	0.166
"PRDX6"	4.53824167388574e-05	7.80002679709284e-05	0.581823856756132	0.00896441838332771	0.0078056817308962	1.148447847655	0.809	0.156
"PRKAA1"	0.00062455811137674	0.00080392426797253	0.77688674948432	0.0079404789130963	0.00754012350516564	1.05309666448519	0.463	0.304
"PRKAA2"	0.00100483888398675	0.000917041367919132	1.09573997328696	0.0145952285779747	0.0155264216020627	0.940025264806391	0.212	0.997
"PRKAB2"	0.000920371888522886	0.00103794175622964	0.886727875623933	0.00834259723150051	0.007663682392983	1.08858859275524	0.839	0.005
"PRKCD"	0.000369288855487651	0.000425845044402722	0.867190684361738	0.0132094401568518	0.0148908048924807	0.887087048163663	0.964	1
"PRKCZ"	0.000427666141524833	0.000227587579893597	1.87912777017436	0.00897302310122891	0.00593820454658173	1.5110666921021	0.004	0.001
"PRKDC"	0.000968767723750035	0.00121439518416088	0.797736796378545	0.012392830142921	0.0141823591198526	0.873820077336315	0.996	1
"PRMT1"	0.000650716526891922	0.000914649901579161	0.711437814368587	0.00865256858484695	0.0104006752151974	0.831923736278572	0.935	0.997
"PRPF6"	0.00023938543650493	0.000110774466063659	2.16101638772388	0.00763336655516143	0.00547336250871539	1.39463931778803	0	0
"PSEN1"	0.000475096388704662	0.000469917255251404	1.01102137322131	0.0108612009841902	0.0110696350836377	0.981170644030026	0.425	0.654
"PSIP1"	0.000276151459604662	0.000334231884250514	0.826227157304001	0.00757140050402265	0.00769882104019727	0.983449344320471	0.71	0.533
"PSMA1"	0.000538223105140498	0.000563389196847794	0.955330894081566	0.00951004869234349	0.00913100858779305	1.04151130742087	0.638	0.148
"PSMA3"	0.00469209686476238	0.00530824962253783	0.883925436520659	0.0111272109498388	0.011993020406268	0.927807222275988	0.954	0.997
"PSMA4"	0.000220530716652491	0.000189950705890656	1.16098919252997	0.00584526244035447	0.00648214762712995	0.901747812081615	0.272	0.767
"PSMA5"	0.0007957766698854	0.000417442342662681	1.90631516872364	0.0086430980035128	0.00634792657184865	1.36156237878406	0.001	0
"PSMA7"	0.000220530716652491	0.000189950705890656	1.16098919252997	0.00584526244035447	0.00648214762712995	0.901747812081615	0.272	0.767
"PSMC5"	0.00206951219175801	0.00233668320531905	0.885662287060193	0.0144952272882717	0.0158482689659734	0.914625270393459	0.979	0.999
"PSMD11"	0.000368497653763208	0.000490292199519685	0.751587837057589	0.00821718386422117	0.00860127784074674	0.955344544887737	0.976	0.755
"PSMD2"	0.000232568184574959	0.000260503925342247	0.892762687815219	0.00937666202362973	0.00881384989745414	1.06385542444263	0.898	0.094
"PSMD4"	0.000126709865638525	0.000117640285096392	1.07709587353263	0.00817644681510587	0.00712853188731167	1.14700290948539	0.318	0.021
"PSME3"	0.000610651586863223	0.000600758767423848	1.01646720776427	0.00846569738246844	0.00770071071838282	1.0993397482468	0.419	0.008
"PTEN"	0.000144218254929409	7.37684987678169e-05	1.95501138478268	0.00719841672183374	0.00647601448810744	1.111550435079	0	0.18
"PTGER3"	0.000111782537555189	6.58561476018566e-05	1.69737437772685	0.00828753116697672	0.00708961018394997	1.16896852604657	0	0.005
"PTGES3"	9.67329426316596e-05	7.80322623179215e-05	1.23965318649288	0.00871259928958205	0.00770749568382383	1.13040599008932	0.232	0.173
"PTK2"	7.89237387196527e-05	8.75199227542566e-05	0.901780260264389	0.00634296505123631	0.00726777648443987	0.87275180583999	0.659	0.922
"PTPN6"	0.000332821181361573	0.00421706958842297	0.0789223830394593	0.0045766590389016	0.0072775999965544	0.628869275732169	0.918	0.812
"RANBP9"	0.000448402160236819	0.000478192894552609	0.93770142832494	0.0110419153105682	0.0115839861810183	0.953205152183417	0.619	0.76
"RANGAP1"	0.000556348627886666	0.00032483225915411	1.7127259137853	0.0070019267822736	0.00651385840571126	1.07492769203187	0.064	0.281
"RARA"	0.00619557583359417	0.00653479596327328	0.948090172732922	0.0327741948747753	0.0332655946242937	0.985227988404585	0.808	0.781
"RB1"	0.00564229751048746	0.00588416814399208	0.958894676768953	0.035723948549124	0.0371983194262687	0.960364583672467	0.862	0.98
"RBBP6"	0.000587490148528422	0.000599294071555184	0.980303621232011	0.0080801334534095	0.00656105260934444	1.2315300508186	0.337	0.036
"RBL2"	0.000224387455299434	0.000223100189346275	1.00576990076491	0.0102538823403484	0.00993020361195427	1.03259537679615	0.462	0.217
"RBM14"	0.000200756571336917	0.000214688557556562	0.935106060713204	0.00736533814869118	0.00767199241786487	0.960029383180878	0.499	0.606
"RBM39"	0.00118285395459597	0.00114618855661899	1.03198897577998	0.00781140308236783	0.00716891731031156	1.08962103261146	0.166	0.093
"RBM48"	0.000562707748602851	0.00163981453250486	0.3431532880388	0.00832756009509215	0.00929292244556042	0.896118540090748	0.794	0.734
"RBPJ"	0.00358048107028719	0.00609796098070777	0.587160377315438	0.0143428475587283	0.0157694756915954	0.909532304005043	1	0.99
"RBPMS"	0.00551932470326973	0.00588230441829689	0.938292939430657	0.00912447766627049	0.0099907328829583	0.913294126983874	0.601	0.871
"RCC1"	0.000340790515398627	0.000435765616425009	0.782050034590725	0.00966118724744316	0.0101611786764999	0.950793953637185	0.725	0.701
"RCHY1"	0.000144218254929409	7.37684987678169e-05	1.95501138478268	0.00719841672183374	0.00647601448810744	1.111550435079	0	0.18
"RECQL"	0.000948473074906289	0.000932473370934398	1.01715834947207	0.0116430425715984	0.0125423843787319	0.928295786512612	0.379	0.966
"RECQL5"	0.000257681935646982	0.000207231024234536	1.24345250234032	0.00788068127293826	0.00762104811211902	1.03406790732713	0.149	0.343
"REL"	0.000505307811835223	0.000544411189665407	0.928173082088529	0.0107935015080066	0.0115908364005416	0.931209891591791	0.69	0.934
"RELA"	0.0219462674024789	0.0213171596424288	1.02951180038067	0.0745370572188457	0.072291444540942	1.03106332557281	0.158	0.019
"RFWD2"	0.00204577074015092	0.00293876179032228	0.696133571250281	0.0161946650776395	0.0186463584631908	0.868516236540714	1	1
"RING1"	0.000448409424222083	0.000433527134573162	1.03432839253205	0.0131671972837319	0.0127998605457846	1.02869849531824	0.32	0.181
"RNF6"	0.000280565692853956	0.000247497329800954	1.13361098917551	0.00872090825259964	0.0083730910393902	1.04153988193526	0.188	0.219
"RNPS1"	0.000678529442024759	0.000492088315916233	1.3788773683061	0.00737211104322053	0.00596713032806153	1.23545333148697	0.01	0.001
"RPA2"	0.00127394757768988	0.00155560190159223	0.818941900486194	0.01207174570224	0.0137034209500491	0.880929349411598	0.909	0.996
"RPL11"	0.000763113582578257	0.000712126945984696	1.07159767915123	0.00811630535836622	0.00787251508264103	1.03096726689832	0.32	0.402
"RPL30"	0.000501118037941731	0.000381080267586789	1.31499340313548	0.00918775147658199	0.00751256655444344	1.22298437025463	0.147	0.008
"RPS3"	0.000156339856349642	0.000153121988388654	1.0210150612257	0.00884436444398337	0.00852874352003456	1.03700673178967	0.392	0.195
"RPS6KA5"	0.00031310979571613	0.000318551865306784	0.982916221239474	0.00848797602787277	0.00962761379561966	0.881628221494988	0.537	0.979
"RPS7"	0.00147610431196108	0.00106686075120163	1.3835960412814	0.00793469654574667	0.00691420632350838	1.14759325575354	0.001	0
"RUNX1"	0.000352824770699883	0.000263022705080291	1.3414232455414	0.00761394687079432	0.00681803936199412	1.11673554031337	0.034	0.046
"RUNX1T1"	0.00205205895972067	0.0019587848635604	1.04761834640213	0.0150866292113968	0.0156260139302673	0.965481617943156	0.286	0.935
"RUNX2"	0.000932766598520472	0.00128847347103776	0.723931551162792	0.00889605632353014	0.00967674947227627	0.919322790056434	0.946	0.937
"RUVBL1"	0.000298833629381339	0.00036314988737807	0.822893355520246	0.00773453339135909	0.00730366416794648	1.05899357000881	0.871	0.185
"RUVBL2"	0.000542475254308766	0.00049066356536386	1.10559514217544	0.0113497415488035	0.0118242797997031	0.959867471090167	0.078	0.911
"RXRA"	0.00260936711583097	0.00271761726641359	0.960167256839122	0.028046431349232	0.0292509210921394	0.958822160194092	0.787	0.982
"RXRB"	0.00085220382719789	0.00109556890068842	0.777864200656289	0.0110656733132058	0.0116183277380224	0.952432532695047	0.847	0.806
"RYBP"	0.000954373697212546	0.00103800041207482	0.919434796085374	0.0126563143197222	0.0126850992655727	0.997730806417207	0.848	0.52
"S100A4"	0.000494690531551903	0.00055890876036572	0.885100693766554	0.00798757568272225	0.0073892434863968	1.08097340376277	0.768	0.066
"SAP130"	0.000764302301043836	0.000576343758515175	1.32612228336244	0.00983030836651791	0.00704740357833484	1.3948836982656	0.282	0.072
"SAP30"	0.000232480151399436	0.000329702746556703	0.705120457222074	0.00955707209527481	0.0091989429368353	1.03893155560357	0.762	0.367
"SAP30L"	0.000534215552711288	0.00337351470371537	0.158355780137237	0.00634920634920635	0.00728145365229402	0.871969616562214	0.711	0.505
"SART3"	0.000547602382575393	0.000357352710779814	1.53238625608972	0.00612266354033953	0.00661215841885109	0.925970485353765	0.068	0.718
"SATB2"	0.000757211995601424	0.000932642840435099	0.811899220979563	0.0112390440850547	0.0126395421883669	0.889197086220327	0.851	0.97
"SCAND1"	0.00780344372037328	0.00796635851124628	0.979549653628692	0.00896459583481652	0.0091497506589948	0.979763948649654	0.58	0.634
"SDCBP"	0.000488726355825065	0.000566811519920375	0.862237866819857	0.00866534882452399	0.008818237446535	0.982662224402782	0.701	0.654
"SENP3"	0.000343040460600869	0.000523078142950696	0.655811115841641	0.00951407246541119	0.00883840765476189	1.07644644115111	0.982	0.169
"SERTAD1"	0	0.00163928982345022	0	0	0.00718296487235617	0	1	1
"SET"	0.000686272267573867	0.000748105613379872	0.91734676935968	0.0129198483150443	0.013699965496971	0.943056996596146	0.856	0.987
"SETD7"	7.89237387196527e-05	8.75199227542566e-05	0.901780260264389	0.00634296505123631	0.00726777648443987	0.87275180583999	0.659	0.922
"SETDB1"	0.000176770918162262	0.000213660410007129	0.827345216441194	0.00601572876135126	0.00643312001846927	0.935118378653017	0.725	0.663
"SF3B1"	0.000319725486834116	0.000300832670848453	1.06280174268433	0.00827220965185908	0.00679069380073443	1.21816855458339	0.307	0
"SFN"	0.00020441857032675	0.0001659246048712	1.23199672818526	0.00752866584011971	0.00757450072691347	0.993948791023163	0.147	0.545
"SFPQ"	0.000529987383305751	0.000199030390468171	2.66284652338311	0.00826446280991736	0.00580826930120957	1.42287872364945	0.009	0.05
"SHMT2"	0.000248273280891809	0.000137976804472316	1.79938419244681	0.00913864956259731	0.00498783958156301	1.83218594206143	0.082	0.008
"SIAH1"	0.00117216784037642	0.00145778663386088	0.804073664245356	0.0140132099154759	0.0149305530869003	0.938559330917937	1	0.995
"SIN3A"	0.0123841073636128	0.011690375666728	1.05934212181558	0.0192671894142448	0.0213034227213274	0.904417551408576	0.14	1
"SIN3B"	0.000150870935860281	0.000180618791142807	0.835300330080241	0.00523029627009822	0.00514211828039342	1.01714818386053	0.65	0.418
"SIRT1"	0.00320519464056241	0.0038583350255245	0.830719628896587	0.0209212916480441	0.0229262322525041	0.912548185747311	1	1
"SIRT6"	0.00382151039859738	0.00396511254808293	0.963783588045949	0.00688875289971323	0.00637981764622789	1.07977269597764	0.59	0.099
"SIRT7"	0.000337233820406887	0.000281181596825835	1.19934527797625	0.00844930419158899	0.00688871177717319	1.22654343292269	0.152	0.001
"SKI"	0.000631249940194204	0.000784562000950818	0.804588980130551	0.00856448474506957	0.00909329354873051	0.941846284756223	0.873	0.889
"SKP2"	0.00119765993153592	0.00156521082502496	0.765174832928219	0.0153289259490369	0.0172489173171878	0.888689166233195	1	1
"SLC2A1"	0.000248273280891809	0.000137976804472316	1.79938419244681	0.00913864956259731	0.00498783958156301	1.83218594206143	0.082	0.008
"SMAD1"	0.00163035959820222	0.00187444172438182	0.869784094642847	0.0100576317804167	0.0115901906746158	0.867771036972183	0.746	0.999
"SMAD2"	0.00882255455842526	0.0100399401561104	0.878745731672097	0.0345531754955832	0.036904825097467	0.936277990867779	1	1
"SMAD3"	0.0254105028509275	0.0261947285796728	0.970061696712756	0.0560118971407573	0.0577235292568285	0.970347757004677	0.811	0.956
"SMAD4"	0.0107852583493277	0.0106180596055399	1.01574663827472	0.0469896600401725	0.0463746274974096	1.01326226378416	0.368	0.222
"SMAD7"	0.000244692469704314	0.000341219667111357	0.717111272558796	0.00866531584608676	0.00851832386667413	1.01725597449842	0.861	0.454
"SMARCA1"	0.000403193393820656	0.000362000617546552	1.11379200553106	0.00874276652118045	0.00884199739872974	0.988777323372257	0.2	0.571
"SMARCA2"	0.000658343059075964	0.000628460039786785	1.0475495932873	0.0101524878071481	0.0109484131195747	0.927302221451296	0.378	0.789
"SMARCA4"	0.00637783625743575	0.00709205223952219	0.899293468524344	0.0366278393100975	0.0395294245939781	0.926596824677215	0.997	1
"SMARCA5"	0.000601788715804368	0.000613965247791393	0.980167392159691	0.00925194973537183	0.00988367410026294	0.936084055536158	0.573	0.907
"SMARCB1"	0.000424418856676932	0.000334530785910457	1.2686989495506	0.00877682699443051	0.00695242257451798	1.26241276337249	0.091	0.002
"SMARCC1"	0.0012872969396972	0.00153921827323523	0.836331638001852	0.0116196674243704	0.0128195523829795	0.906401961413083	0.978	0.999
"SMARCC2"	0.000934664220579068	0.00107262164088559	0.871382960171663	0.0137949825877379	0.0149467055438082	0.922944694889811	0.945	0.995
"SMARCD1"	0.000341968086045006	0.000318767563187527	1.0727819437633	0.00927107044372747	0.00896206098949696	1.03447973123511	0.319	0.293
"SMARCE1"	0.00117287163093364	0.00134182240007576	0.874088576004851	0.0147260716548683	0.0161803767932021	0.910119204458524	0.975	1
"SMC1A"	0.00053492895264903	0.0007241386662418	0.738710660798231	0.00806816560636694	0.0088504383151807	0.911611981129571	0.829	0.937
"SMC3"	0.000775597487624041	0.000426552057378158	1.81829503388478	0.00735580000449452	0.00610153986027997	1.20556452517496	0.005	0.037
"SMURF1"	0.000295974827613008	0.000367281840124281	0.805852060403684	0.0102114328403962	0.0109274464462244	0.934475670107208	0.976	0.973
"SMURF2"	0.000140183841230859	0.000119874270950201	1.16942393158825	0.00884459953796692	0.00838388817351491	1.05495199302722	0.099	0.091
"SMYD3"	0.00048113916289108	0.000841198879413876	0.571968383061001	0.00759344904467703	0.00785344072953663	0.966894550578096	0.909	0.603
"SNCA"	0.000414584819375485	0.000396204464149071	1.04639108563779	0.00906076677515783	0.00819144246414013	1.10612591308837	0.396	0.061
"SNRNP200"	0.000150870935860281	0.000180618791142807	0.835300330080241	0.00523029627009822	0.00514211828039342	1.01714818386053	0.65	0.418
"SNRNP70"	0.000186890900514376	0.000146039326066966	1.27972995731765	0.00654557029868998	0.00573515410708961	1.14130678556633	0.122	0.028
"SNRPB2"	0.000104208057546988	7.87589851335971e-05	1.3231259566159	0.00678766380407445	0.00511401388161268	1.32726737963683	0.059	0.003
"SNW1"	0.00138194971548702	0.00143972954625412	0.959867580048326	0.00831043225935789	0.00856005734193773	0.970838386635932	0.532	0.647
"SORBS3"	0.000283016323885961	0.000122277257342362	2.31454589379242	0.0085449553877831	0.00534619622032398	1.59832431052545	0.044	0.074
"SOX9"	0.000160011334160416	0.000174042583764903	0.919380364845419	0.00757064851451413	0.00756655255962915	1.00054132378685	0.502	0.472
"SP1"	0	0.0224730597753339	0	0	0.0552623554152858	0	1	1
"SP100"	0.000101723055818064	0.000142534568308764	0.713672879674407	0.00543842990823948	0.0055874659719172	0.973326716542566	0.644	0.552
"SP4"	0.000165374163952707	0.000234588617734205	0.704953912725982	0.00769695365769608	0.00722723187463821	1.06499331849393	0.733	0.251
"SPOP"	0.00135048219951121	0.00129164207318218	1.04555451355349	0.00871282131510755	0.00844039022266157	1.03227707312803	0.386	0.259
"SPTBN1"	0.000231905279925499	0.000483438743667638	0.479699409621444	0.0103915176923476	0.0132272716590976	0.785613084857176	1	1
"SQSTM1"	0.000558088565802121	0.000283699467414061	1.9671822823255	0.00930804766688347	0.0070277438261421	1.3244716792691	0.001	0
"SRC"	0.000374574352756313	0.000498406410757155	0.751544010413665	0.0119907350948117	0.0145452559431835	0.824374293697527	0.994	0.999
"SREBF1"	0.00147127233195591	0.00130567721325189	1.12682699600125	0.0124504923025526	0.0114222130328171	1.09002452211154	0.099	0.023
"SREBF2"	0.000773209943357141	0.000862051348683607	0.896941863773972	0.0167308226680869	0.0174332450419943	0.959707881566782	0.896	0.916
"SRF"	0.000969941533314767	0.00181421248071393	0.534635024081122	0.0112395894494181	0.0134461782655105	0.835894722461604	1	1
"SRPK1"	0.00458126934763525	0.00461463228026312	0.992770186094662	0.00598798865351763	0.00608849096194422	0.983493067649312	0.534	0.553
"SRPK2"	0.00650165859074541	0.0025899338052094	2.51035705146902	0.0117436036279951	0.00842082914024438	1.39458994267806	0.062	0.13
"SRRM2"	0.00677611489949711	0.00539171092121796	1.25676524548657	0.0086255507440508	0.0076449439791995	1.1282686658685	0.003	0.01
"SRSF11"	0.000359917320362001	0.000598422389277965	0.601443607075371	0.00658335754464372	0.00711694550985354	0.925025705975821	0.923	0.738
"STAT1"	0.00160009280617728	0.00213195543426446	0.750528261736076	0.0177763831819823	0.01983631393168	0.896153551673333	0.987	0.998
"STAT3"	0.00890906444809011	0.00826644979890132	1.07773768241769	0.0356145678968217	0.0350731892689161	1.01543568290168	0.04	0.213
"STAT5A"	0.000398447368935766	0.000576090840362619	0.691639826602631	0.00944847199774446	0.0115639257793179	0.817064393014615	0.86	0.983
"STAT5B"	0.000111912339021621	0.000226976727629967	0.493056447637522	0.00592456797607177	0.00778919562655921	0.760613580671986	0.897	0.887
"STIP1"	0.000205949185289742	0.000146002658190462	1.41058517592933	0.00764193450059826	0.0062885645256738	1.2152112726838	0.176	0.07
"STK19"	0.000156158624024745	0.00024806197948686	0.629514544501232	0.00773903936975796	0.00704977295565958	1.09777143440414	0.938	0.071
"STK40"	0.000141464790206587	0.000161829372721792	0.874160159106502	0.00663570736860639	0.00589746188324736	1.1251802046328	0.539	0.238
"STUB1"	0.00391950966862889	0.00487439042050605	0.804102529854795	0.0192933294243086	0.0218281254103452	0.88387477447627	0.994	1
"SUFU"	0.00693411614533023	0.00560343325491899	1.23747635242074	0.0100834004187074	0.00852686985902655	1.18254419094166	0.048	0.017
"SUMO1"	0.00618042812354784	0.00863231187510069	0.715964415207804	0.0306940894343737	0.0362967847235916	0.845642104889351	1	1
"SUV39H1"	0.00875167374343075	0.00716521353513126	1.22141143463779	0.00818399142962635	0.00680756226465898	1.20219119729731	0.058	0.027
"SUZ12"	0.000674739328410906	0.000767456503547055	0.879189016305645	0.00918398444286742	0.010336874456081	0.888468219468857	0.941	1
"TADA3"	0.000656890329862581	0.00137674997714399	0.477131171794368	0.00857641722216319	0.00933530058364275	0.918708202839309	0.758	0.874
"TAF1"	0.000429146574047529	0.000308656045001712	1.3903715187083	0.00866170254913331	0.00838408216104915	1.03311279431086	0.041	0.285
"TAF12"	0.000844929590033611	0.000504861007902536	1.67358852596659	0.00626179910861992	0.0049544668631281	1.26386940948605	0.036	0.025
"TBK1"	0.000511218778514411	0.000666192366628306	0.767374116130693	0.00966604892207481	0.0102731892478258	0.940900502161048	0.7	0.777
"TBP"	0.0051092236745862	0.00615344575313311	0.830302870872757	0.0273346542271705	0.030143545871195	0.906816150428118	1	1
"TCEA2"	0.00128628234221377	0.00121130461461615	1.06189832573318	0.00983914347095704	0.00911869384451834	1.07900798499467	0.31	0.102
"TCF12"	0.000823904528982317	0.000881753159995747	0.934393622117885	0.012980369567286	0.0122741951284962	1.05753325830304	0.758	0.143
"TCF3"	0.000320130519927222	0.000120233415460639	2.66257528076313	0.00910740547476986	0.00661367896372709	1.37705587536373	0.001	0.028
"TCF4"	0.000253708542748556	0.000246117494585722	1.03084318802941	0.00786886806249086	0.00803288997725068	0.979581207358207	0.396	0.53
"TCF7L2"	0.000176220446448835	0.000212719002514722	0.828418920574052	0.00717622326534884	0.00687893258317924	1.04321756007561	0.71	0.294
"TDG"	0.000395446663793967	0.000431639550167217	0.916150208294796	0.00978451293724662	0.00967190804268613	1.01164246951724	0.666	0.385
"TEAD1"	0.000434221675841547	0.000454125988372721	0.956170065046273	0.0109719460288044	0.0117751169668205	0.931790831438937	0.518	0.838
"TEAD2"	0.00553841976345281	0.00809577099255914	0.684112701377447	0.0151391417189656	0.0189176533339176	0.800265310487662	1	1
"TFAP2A"	0.000406243435673807	0.000630214917756153	0.644610948151173	0.00989982470823803	0.0122225023317566	0.809967095078088	0.954	0.986
"TFAP2C"	0	0.000254594732597404	0	0	0.00831464721550873	0	1	1
"TFAP4"	0.00029637546703206	0.000394256841594611	0.751731956846558	0.0098328052469301	0.010808482044393	0.909730451190506	0.822	0.845
"TFCP2"	0.000879427788599047	0.000862948458849912	1.01909653998467	0.00779327094772089	0.00793986015451195	0.981537558100724	0.429	0.567
"TFDP1"	0.000775388283416494	0.000964539375857222	0.803894898253768	0.011417200498945	0.0119002293605296	0.959410121691713	0.966	0.761
"TFDP2"	0.000193940050138722	0.000193882938041185	1.00029457000247	0.0126207351023396	0.0116212431160221	1.0860055999465	0.437	0.018
"TFE3"	0.00504984602536667	0.00382138128311617	1.32147138723847	0.00510204081632653	0.00460997056882996	1.1067404314517	0.248	0.32
"TFEB"	0.000518229261416344	0.000410489880997121	1.26246537468235	0.00906832656174185	0.00620382151180501	1.46173234424719	0.148	0.148
"TFIP11"	0.000579995305107056	0.000478155454904552	1.21298481311446	0.00791706208281867	0.00700611500535913	1.13002171342645	0.232	0.138
"TGFB1I1"	9.67329426316596e-05	7.80322623179215e-05	1.23965318649288	0.00871259928958205	0.00770749568382383	1.13040599008932	0.232	0.173
"TLE1"	0.00292881325990539	0.00348253194872583	0.841001117298282	0.0126332330325467	0.0139618349144192	0.904840453277356	0.972	1
"TLE4"	0	0.000243559266084936	0	0	0.00780206726971042	0	1	1
"TMF1"	0.000296472304990106	0.000411299186200366	0.7208190896971	0.00895746118249349	0.00880707359628235	1.01707577262379	0.802	0.407
"TOLLIP"	0.00044139518265253	0.000434577958559164	1.01568699921176	0.00639126065721676	0.00652091066548837	0.980117806404284	0.43	0.548
"TOP1"	0	0.000494605016257633	0	0	0.00611225692697044	0	1	1
"TOP2A"	0	5.73782136518086e-05	0	0	0.00603888334611413	0	1	1
"TOP2B"	0.000166885848805335	0.000160857237130626	1.0374780257466	0.00619485999232834	0.00744299368208266	0.832307570976593	0.384	0.945
"TOPORS"	0	0.00252161532879656	0	0	0.00592689892286583	0	1	1
"TOX4"	0.00839650350748208	0.00686314861984749	1.22341857543348	0.00801624761270515	0.00700153346285973	1.14492741557661	0.075	0.091
"TP53"	0.0410247029429908	0.0410407407498097	0.999609222286783	0.0828021897988977	0.0844584792324209	0.980389305507559	0.527	0.909
"TP53BP2"	0.000832995015287448	0.000529087676655753	1.574398822805	0.00748666135257794	0.00639466639431043	1.17076652493383	0.03	0.075
"TP73"	0.000378000740814517	0.000465741271858858	0.811611003048641	0.00908828625457765	0.010333449536944	0.87950168257805	0.956	0.996
"TPI1"	0.00031552162247439	0.000230078511829917	1.37136501781459	0.00959848719102174	0.00850838706752864	1.1281206549304	0.01	0.007
"TRAF6"	0.000254687015974965	0.000293752531865866	0.867012155971003	0.00845897795996056	0.008170814061323	1.03526746496431	0.705	0.367
"TRIB1"	9.21350568876588e-05	0.000216251960867449	0.426054203245503	0.00602409638554217	0.00732396162761535	0.822518835001541	0.926	0.788
"TRIB3"	0.000342047611283403	0.00013630793500264	2.50937417015949	0.00717536944610541	0.00599339553495033	1.19721273262584	0.112	0.186
"TRIM21"	0.00025441114335284	0.000298783406942897	0.851490201400183	0.00811839144868407	0.00721381404855813	1.12539516461569	0.787	0.077
"TRIM23"	0.0010545676033586	0.00187600991023616	0.562133279576253	0.010362772015022	0.00934571303838914	1.10882625782057	0.829	0.145
"TRIM24"	0.000426543221056924	0.000460906700041865	0.925443741690413	0.00943239962962763	0.00952655864447774	0.990116156487979	0.696	0.577
"TRIM26"	0.000438195394481583	0.000479472026445505	0.91391232504236	0.00802728077143204	0.00758204233659063	1.05872275767872	0.464	0.259
"TRIM27"	0.00146484078169131	0.00163343876321179	0.896783408525845	0.0091672875268823	0.00934195619020702	0.981302774304612	0.71	0.632
"TRIM28"	0.0085482580118354	0.00809808208597549	1.05559043747402	0.0235982161125631	0.0268058523034266	0.880338212918772	0.237	1
"TRIM33"	0.000868235677735184	0.000890493061420982	0.975005550688648	0.009175307294878	0.00920476761182996	0.996799450220329	0.485	0.51
"TRIP12"	0.000579606138661126	0.000540064095037027	1.0732173162176	0.00602136705026352	0.00511093451551951	1.1781342593961	0.356	0.037
"TRIP4"	0.000578901994612396	0.000548842484623984	1.05476891973661	0.0114755908767166	0.0114422548257978	1.00291341623013	0.339	0.491
"TRIP6"	0.0013331710870312	0.00178388568187406	0.747341099588086	0.00848856377566665	0.00929472848388849	0.913266459626094	0.754	0.736
"TRRAP"	0.000493404884314903	0.000512907685785656	0.96197600072832	0.0109555556472962	0.0113656821704858	0.963915362312827	0.711	0.894
"TSC22D3"	0.000246102171546887	0.000349939885369535	0.703269852440525	0.0100005391008926	0.0103457075979565	0.966636550105857	0.996	0.739
"TSG101"	0.000155626377564699	0.000129007271652155	1.2063380270867	0.00768774705838783	0.00769855639434213	0.998595926898419	0.216	0.471
"TUBA1A"	0.000213479126046847	0.000132743520750277	1.60820750301217	0.00633530207639297	0.00575080165279643	1.10163807741697	0.02	0.131
"TUBB"	0.000192173650622812	0.000122919183131727	1.56341464144671	0.00662251655629139	0.00763081447557473	0.867864967427688	0.004	0.932
"TWIST1"	0.0037288834988932	0.0042198583112494	0.883651351267565	0.0153419781538854	0.0178586346993322	0.859079006440459	0.943	1
"TXN"	0.000255276726503158	0.000295084416843751	0.865097280410874	0.00922861868108494	0.0092072377324335	1.00232218926814	0.937	0.492
"TXN2"	0.0010970740556235	0.000997750345959477	1.09954765745384	0.00784333858271738	0.00663237716588086	1.18258331613982	0.274	0.001
"TXNL4B"	0.000206192047421335	0.000163094717182806	1.26424724836564	0.00892769253536574	0.00801545350238159	1.11381003366972	0.019	0.003
"U2AF2"	0.000588964356294877	0.00132383612860413	0.444892191389193	0.00848027276719714	0.00799476346109486	1.06072841410067	0.993	0.211
"UBA52"	0.00144247781680448	0.001694089163719	0.851476916148758	0.0181236962100506	0.0196570853933194	0.921993054789804	1	1
"UBE2I"	0.0170712515516202	0.0182715972203103	0.934305378220801	0.0537478334271241	0.0568584294501139	0.94529226267639	0.975	0.999
"UBE2K"	0.000229922925627334	0.000265318884828786	0.866590879031118	0.00728408262297685	0.00630796195453091	1.15474422253685	0.655	0.087
"UBE2Z"	0.000626799734057682	0.0004436997330153	1.41266646657204	0.0053327872092304	0.00581487557929213	0.917093949219046	0.176	0.562
"UBE3A"	0.000893148131668135	0.000617269486629304	1.4469338773658	0.00868724659823022	0.00967421473521787	0.897979509035012	0.006	0.964
"UBP1"	0.000466941566471474	0.00147057768591863	0.317522542972483	0.00691607524961534	0.010643887511875	0.649769667510988	0.773	0.836
"UBR5"	0.000330776260779599	0.000309595392325152	1.06841467599169	0.00967741935483871	0.00646875529324601	1.49602495629149	0.29	0.009
"UBTF"	0.000279019533206749	0.000257538756903252	1.08340793658318	0.00702308393866474	0.00668397981240574	1.0507338645203	0.277	0.237
"UCHL5"	0.00128343167641583	0.000693944619518346	1.84947276816793	0.00724187381374404	0.00620421689164097	1.16725026546076	0.02	0.231
"USF2"	0.000504887527122028	0.000564939869477095	0.893701355490008	0.00646788114210754	0.00706401908491392	0.915609239493773	0.535	0.663
"USP10"	0.000144218254929409	7.37684987678169e-05	1.95501138478268	0.00719841672183374	0.00647601448810744	1.111550435079	0	0.18
"USP11"	0.000773667070718998	0.000966811388046584	0.800225442402133	0.00955900090432412	0.0108214100687122	0.883341527918062	0.941	1
"USP22"	0	0.000235072444040905	0	0	0.00357236243198262	0	1	1
"USP28"	0.000129767586679764	0.000177978169321625	0.729120808323747	0.00737705289695387	0.00501775306953053	1.47019050055488	0.917	0.002
"USP47"	0.000300317664282513	0.000274253762485013	1.09503571276957	0.00912746024218922	0.00862610261817653	1.05812099000031	0.297	0.289
"USP7"	0.00177965254730684	0.00229421160579885	0.775714211718131	0.0141854319183965	0.0161492431460383	0.878396082721467	1	1
"UTP23"	0.000489699733146284	0.000347483838878621	1.40927340599958	0.00915583602635004	0.00748185979646465	1.22373798432796	0.051	0.011
"UXT"	9.40164805879935e-05	0.000114789439635884	0.81903423247136	0.00687648299212228	0.00701558015329627	0.980173106409648	0.693	0.53
"VDR"	0.000199552265080138	0.000225623076034753	0.884449714041664	0.00990465330241573	0.00941868373511256	1.05159633564205	0.76	0.269
"VHL"	0.000449156513172351	0.000571252337363093	0.786266390165969	0.0131177852923445	0.0144816572860915	0.905820724327115	1	0.999
"VRK1"	0.000192173650622812	0.000122919183131727	1.56341464144671	0.00662251655629139	0.00763081447557473	0.867864967427688	0.004	0.932
"VRK2"	0	0.000400162588421111	0	0	0.00505282198269785	0	1	1
"WDFY3"	0.000373188174040778	0.000529074493506674	0.705360357796327	0.00585569207982697	0.0073345781149289	0.798367948104365	0.791	0.892
"WDR5"	0.00390968556295208	0.00432032532955472	0.904951656350158	0.0113272031897906	0.0131978808641854	0.85825923921838	0.932	1
"WDR77"	0.00023938543650493	0.000110774466063659	2.16101638772388	0.00763336655516143	0.00547336250871539	1.39463931778803	0	0
"WWP1"	0.000359870197489395	0.00041897934073253	0.8589211030315	0.0138306590058382	0.014536923900458	0.951415794740624	0.985	0.962
"WWTR1"	0.0009196679998412	0.000798976719575336	1.15105731782775	0.0108303249097473	0.00892990416754616	1.21281535686663	0.314	0.228
"XBP1"	0.000195060503740701	0.00056830830223918	0.343230079469448	0.00638977635782748	0.00544237511524037	1.17407863708881	0.731	0.271
"XIAP"	0.000160219768763211	0.000206928279794649	0.774276811860658	0.00678661877995051	0.0066720903952933	1.01716529271516	0.705	0.419
"XPO1"	0.00038915748659267	0.00056313443547102	0.691056099716524	0.0113735202511109	0.0131504622728093	0.864876079271185	1	1
"XRCC1"	0.000532689846699349	0.00034834711692245	1.52919263809477	0.00842025896455764	0.00830206601761256	1.01423657035421	0.011	0.398
"XRCC5"	0.0100043068154718	0.0110821231547122	0.902742793579033	0.0227323927809061	0.0252196730207846	0.90137539698359	0.996	1
"XRCC6"	0.00538458742254662	0.00762514149073863	0.706162296015969	0.0217037287562508	0.025213973743277	0.860781762416082	1	1
"YAF2"	0.000495128864215156	0.000485909633605613	1.01897313815562	0.0109946220716791	0.0106269376204647	1.03459928573461	0.395	0.189
"YAP1"	0.00312424197212394	0.00325591529419458	0.959558738427432	0.0151329680928177	0.0163244315752962	0.927013478112057	0.624	0.989
"YBX1"	0.000997190533985498	0.00122236937462974	0.815784945763675	0.0128051946534322	0.0139587550595606	0.917359363266552	0.974	0.998
"YEATS4"	0.000429287446408083	0.000407318739185138	1.05393492886405	0.00843736675302591	0.00745596718688382	1.13162605756481	0.408	0.124
"YWHAB"	0.000496089845691351	0.000266439979698594	1.86191969483162	0.00944142346514651	0.00677648294481805	1.39326307496521	0	0
"YWHAZ"	0.000277240219754222	0.000549585968239627	0.504452871390163	0.00974574244736242	0.0100627569182564	0.96849626066999	1	0.666
"YY1"	0.00180111132543292	0.00196691029121082	0.915705883222648	0.0197736138487284	0.020657512453308	0.957211759810023	0.826	0.939
"ZBTB10"	0.000165654136597448	0.000121980052215193	1.35804284052287	0.00747534199183754	0.0068448136548941	1.09211767751962	0.09	0.249
"ZBTB16"	0.00108468641461074	0.00167446706600716	0.6477800827682	0.0119277349563368	0.0143224564410916	0.832799527469029	0.967	0.998
"ZBTB17"	0.000961291290361302	0.00111063267685515	0.865534852696106	0.0116094788979709	0.0120616744623624	0.962509719044193	0.952	0.93
"ZBTB24"	0.000489860099876824	0.000423857890731907	1.15571777850106	0.0070861353470689	0.00560898526308132	1.26335424585803	0.258	0.013
"ZBTB33"	0.000504525143336629	0.000469218540429071	1.07524554096961	0.00654041807378276	0.00731183021091146	0.894498078473222	0.352	0.656
"ZBTB7A"	0.000118103511314021	0.000191259744367832	0.617503237308961	0.00619747935580113	0.00777731335184208	0.79686635672629	0.902	0.989
"ZBTB7C"	0.000195428805820517	0.000170406667584255	1.14683778863225	0.00704126978652035	0.00692858605378757	1.01626359719833	0.295	0.455
"ZEB2"	0.000721335437630949	0.000546293147259683	1.32041824293296	0.00574712643678161	0.00601772144174829	0.955033643948786	0.256	0.403
"ZHX1"	0.000265756637092795	0.000277227155832466	0.958624115645428	0.00710346838406204	0.00692186308778966	1.02623647621588	0.518	0.369
"ZMAT2"	0.000104208057546988	7.87589851335971e-05	1.3231259566159	0.00678766380407445	0.00511401388161268	1.32726737963683	0.059	0.003
"ZMIZ1"	0.000144218254929409	7.37684987678169e-05	1.95501138478268	0.00719841672183374	0.00647601448810744	1.111550435079	0	0.18
"ZMYND11"	5.00753292523921e-05	4.91165570605567e-05	1.01952034607502	0.00705605912668909	0.00582478799991244	1.21138471079036	0.451	0.134
"ZMYND8"	0.000154272575800681	0.000147452887410401	1.0462499481024	0.00781110427299318	0.00733691174438297	1.06463107982364	0.387	0.141
"ZNF281"	0.000186086822818174	0.000155034729096992	1.20029121153722	0.00558260459209003	0.00598388190814836	0.93294030159387	0.137	0.821
"ZNF451"	0.000171355171039369	0.000161024168378548	1.06415808735329	0.00671500876877468	0.0065372897145217	1.02718543341566	0.386	0.4
"ZNF587"	0.00104554402312066	0.00066994507317806	1.56064140924397	0.00821757772126033	0.00668778705896267	1.22874392512954	0.054	0.117
"ZNF688"	0.000426086207490283	0.000329266143749844	1.29404803857999	0.00867357581022031	0.0077058577592741	1.12558213260316	0.143	0.032
"ZSCAN32"	0.00635523818355374	0.00603505952224149	1.05305310745193	0.00635523818355374	0.00625087726650107	1.01669540331754	0.393	0.457
