"all_genes"	"mean_bet_in"	"mean_bet_out"	"ratio_bet"	"mean_deg_in"	"mean_deg_out"	"ratio_deg"	"pvalue_ratio"	"pvalue_degree"
"ABL1"	0.000318809416574486	0.00064535815304108	0.494003856730066	0.00740025286407354	0.00918110562348762	0.806030686014743	1	0.998
"ACLY"	0.00063625596177346	0.00210232051651346	0.302644604747825	0.00500729240655762	0.00602137570997081	0.831586110507277	0.749	0.762
"ACTB"	0.000176146649261851	0.000278148480156916	0.633282803351932	0.00548459198682369	0.00759105585631693	0.722507130843947	0.962	1
"ACTL6A"	0.000632442202172542	0.000862123518105655	0.733586532428913	0.00984097792520848	0.0111087673982821	0.885874874536517	1	1
"ACTN4"	0.000190698198036842	0.000501319257728191	0.380392723991936	0.0116606074414859	0.0150800286215885	0.773248362724761	1	1
"ACTR5"	0.000946106627987379	0.00133340341856037	0.709542674645953	0.0152127935416195	0.0160651329196124	0.946944766516537	1	0.996
"ADNP"	0.000369953163855502	0.00051405038004039	0.719682696910824	0.00527045633229503	0.00625363668906411	0.842782623031428	0.98	0.997
"AES"	0.00452717316189927	0.00506161283451209	0.894413166299723	0.0135600646789993	0.014485031126851	0.936143288906222	0.902	0.987
"AGTRAP"	0.00677876355798214	0.00967829839116032	0.700408613581653	0.00595348596257443	0.00881145881365084	0.675652702745566	1	1
"AHCY"	0.000142506942034219	0.000388740046312842	0.36658672906453	0.00474966894407194	0.0068624694901631	0.692122413204209	0.995	0.999
"AKAP8L"	5.32008263387627e-05	6.60281042489644e-05	0.80573002880962	0.00495474777341946	0.00539340646692949	0.918667599744292	0.918	0.863
"AKT1"	0.000838839596075716	0.00169494771037906	0.494905884670694	0.0156840715027428	0.0186386643896928	0.841480439522055	1	1
"ANKRA2"	0.000867571514635147	0.00211062319100269	0.41104992986597	0.00567237876501625	0.00664452052930175	0.853692714169753	0.924	0.857
"ANKRD17"	9.17343427442335e-05	0.000178476235024698	0.513986317178525	0.00538815433432333	0.00696916155748365	0.773142405995367	1	0.996
"ANKRD28"	0.000203098450282856	0.000558358759969974	0.363741853524028	0.00570506518944942	0.0102324581212315	0.55754591143763	0.992	0.999
"ANXA1"	0.00216055026958299	0.00299582874100129	0.721186174634559	0.00553624799239727	0.00663341274819893	0.834600258200493	0.891	0.987
"APEX1"	4.32466045792904e-05	9.49791229232581e-05	0.455327478800085	0.00533468590227732	0.00758324209284545	0.703483528148262	1	1
"APLP2"	2.18529033791701e-05	4.81076132456437e-05	0.454250417030384	0.0049173573360766	0.00675391900774247	0.728074667528512	1	1
"APP"	0.021667946622016	0.0218159913371206	0.993213935923564	0.0336030832263987	0.0305946740531996	1.09833113985682	0.592	0
"APPBP2"	0.00179428088726259	0.00400464699234754	0.44804970093276	0.00726161009230835	0.00905699146246142	0.801768459471956	1	1
"APPL1"	0.000318823413420948	0.000587212372485351	0.542943964330215	0.00599776221730789	0.00756863135860403	0.792450039264975	1	1
"AQP1"	0.000302108592238836	0.000470536807589729	0.642050924318446	0.00725762527228287	0.00863942956232533	0.840058388106061	0.999	0.997
"AR"	0.00975007569459938	0.0111697677002138	0.872898699085098	0.0355406273742694	0.0334347557498919	1.06298450750263	1	0
"ARID2"	6.83507194360862e-05	0.000154947600094666	0.441121510719282	0.00661144864724953	0.00856811992590106	0.771633532726754	1	1
"ARID4B"	0.000134636822986282	0.000267164927879947	0.503946472520457	0.00606171680633878	0.00849282425300473	0.713745701754532	0.985	0.985
"ARIH2"	0.000158728692451502	0.000277573226244364	0.571844390754616	0.0049487440453786	0.00657996887421706	0.752092318364871	0.989	0.996
"ARL6IP4"	0.000537365380257892	0.000784106643080397	0.685321805394772	0.00593041570217716	0.00740589424228831	0.800769698858777	0.962	0.999
"ARNT"	0.000459099186035587	0.000861073082713755	0.533170987750182	0.0067912468862729	0.00844313407468026	0.804351420480087	1	1
"ARNT2"	6.34862885867707e-05	0.000117240609582085	0.54150425192323	0.00476669680930395	0.00556756174452038	0.856155176724417	0.844	0.71
"ARNTL"	0.00154594304680058	0.00379761293890672	0.407082836421352	0.00470887965765429	0.00675262131655905	0.69734099350529	0.952	0.975
"ARRB1"	0.00366459251657889	0.0054405282952395	0.673572917502411	0.00886675880110344	0.0111402288433231	0.79592250085758	0.998	1
"ASAP3"	0.000478555353018093	0.000305819790350132	1.56482794154753	0.00872093023255814	0.00542934908556011	1.60625704759937	0.068	0.01
"ATAD2"	0.000302180380716628	0.000527538492553511	0.572812003260552	0.00937240744816538	0.0113894345407741	0.822903666956617	1	1
"ATF1"	0.000353485238056788	0.000732997525759813	0.482246154501506	0.00619315537800923	0.00922260531157616	0.671519073925415	0.985	0.973
"ATF2"	0.00168015128689134	0.00291804471398467	0.575779829157261	0.016735063225852	0.0205171497781835	0.815662185380492	1	0.999
"ATF3"	0.0021627502257815	0.00309721569720651	0.698288539520241	0.0237476276653196	0.0254139646888352	0.934432228740461	1	0.962
"ATF4"	0.000519252481981716	0.000856672057395072	0.606127487758425	0.0111842571870976	0.0136961421861794	0.816599085717986	0.997	0.997
"ATF6"	0.000234465968217528	0.000585518157522681	0.400441839770691	0.00788540220115328	0.0108682706442414	0.725543415256351	1	1
"ATF7"	0.00124052388920117	0.00211581553386913	0.586310039482815	0.0175420377831662	0.0214721589439996	0.816966651044113	1	1
"ATF7IP"	0.000159827690324546	0.000336340200274575	0.475196512917781	0.0095213373685504	0.0115438091550335	0.82480030990453	1	1
"ATM"	0.000892270428956413	0.00111282038104197	0.801809927421485	0.0119479340214828	0.0128617252394133	0.928952671517947	1	0.992
"ATP2A2"	0.000111254242664734	0.000155506885248028	0.715429689735519	0.00479345618288397	0.00524327449597057	0.914210420714711	0.927	0.866
"ATP5O"	0.000705275334218534	0.00118885302400583	0.593240139846819	0.00562648022885245	0.00686910575870445	0.81909937428502	0.999	1
"ATR"	0.000317993534332085	0.000477145550786949	0.666449752717223	0.00776523913865111	0.00905119389971603	0.857924294262963	1	1
"ATXN1"	0.006867980512624	0.00752173490985423	0.913084626742994	0.0213666865929625	0.0207177724799037	1.03132161595501	0.91	0.052
"ATXN3"	5.16476926708127e-05	0.000214091203754384	0.241241544561848	0.00350262697022767	0.00563485063655007	0.62160067695639	0.519	0.458
"AURKA"	0.00275939491850878	0.00292413483850758	0.94366199607851	0.0232928695980571	0.0217741341073842	1.06974952405377	0.872	0
"AXIN1"	0.00115070047376569	0.00166881681607968	0.689530727805629	0.00539565338208751	0.00754389872023573	0.715234069568594	0.996	1
"BACH1"	0.00586719853245011	0.00695497912557518	0.843596857232104	0.014148769853236	0.0170983050142995	0.827495464690987	0.938	0.999
"BAG1"	9.70449892361579e-05	0.000199646495815457	0.486084110015441	0.00716477705006699	0.00964291922845959	0.743009132433803	0.998	0.999
"BAG5"	0.000793344838419296	0.00111760212963675	0.709863391793247	0.00556048970768404	0.00730949202718251	0.760721769311153	0.996	1
"BANP"	0.00814415642204115	0.00875000186721146	0.930760535327361	0.0197714358352062	0.0190942594528053	1.03546491991871	0.951	0.02
"BAP1"	0.000166975249105286	0.000368371113207001	0.453279975326013	0.00856983014515729	0.0113198832624964	0.757059940145297	1	1
"BAZ1A"	0.000340389175300182	0.000692985020165767	0.491192688723284	0.0076455612382961	0.00953301101047044	0.802009064072066	1	1
"BCL11B"	0.00488926451402601	0.0065403177977157	0.747557636378718	0.0111129066794827	0.0130968853156074	0.848515231803977	1	1
"BCL2"	0.000105855029669207	0.000218794037848238	0.483811308161109	0.00482865853369447	0.0065641694704046	0.73560845061437	1	1
"BCL3"	0.000286918557760916	0.000578325997265615	0.496119073182767	0.00874008528719037	0.0109473493620454	0.798374565215973	1	1
"BCL6"	0.000542987870328069	0.000867246919044835	0.626105274523319	0.00999181067242632	0.0118794906712402	0.841097564613283	1	1
"BCOR"	0.000615815890622712	0.00084697901921448	0.727073370948247	0.0146170046725081	0.0152535254159706	0.958270581645602	1	0.991
"BHLHE40"	0.00358488856055136	0.00404063936225964	0.887208245812512	0.00995604059986867	0.0118794072752706	0.838092370197136	0.889	1
"BHLHE41"	0.000174306357260655	0.00024330684949589	0.716405467506576	0.00553678190711991	0.00602042299247707	0.919666593865331	0.621	0.634
"BIN1"	0.000169969715860347	0.000313863921256308	0.541539515532738	0.003956009149782	0.0048693809205152	0.812425483723183	0.892	0.839
"BIRC2"	0.000105395820880434	0.000207864855888411	0.507040117147142	0.00698788291733071	0.00892099593298593	0.78330748829204	1	1
"BIRC3"	0.000328940484964465	0.000678314142409635	0.48493826738735	0.011885399930162	0.0142411140856613	0.834583576725143	1	1
"BLZF1"	0.000247639425664914	0.00139070354404051	0.178067731779434	0.0041293510848796	0.00852623369001823	0.484311272128735	0.99	0.994
"BPTF"	0.000201792466265196	0.000822093313467207	0.245461753501107	0.00552032706205379	0.00735064759336927	0.750998737449127	1	1
"BRCA1"	0.00262914141431107	0.00292920599814278	0.89756111928558	0.0248274915073231	0.0239337124252166	1.03734393838395	0.978	0.025
"BRD4"	8.1314413356657e-05	0.000138471037457633	0.587230476853587	0.00530264428076377	0.00713862098426819	0.742810732275817	0.949	1
"BRD7"	0.000163942784423549	0.000300561526078387	0.545454990738877	0.00527962314556822	0.00749340355731124	0.704569439666297	1	1
"BRMS1"	0.000256874518687192	0.000675896187565493	0.38005025536899	0.00599149277497526	0.0093846126162718	0.638437943041648	0.997	0.998
"BTRC"	0.00628266689160884	0.006120786621178	1.02644762519097	0.0332887970421694	0.030020188315398	1.10888035386157	0.266	0
"BYSL"	0.000151305285821059	0.000261696099913845	0.578171726177314	0.0061597720073879	0.00777908057223036	0.791838052092809	1	1
"C1orf109"	9.51972769896521e-05	0.000181624751614258	0.524142641041767	0.00673463429641472	0.00777451258026069	0.866245211759488	0.896	0.986
"CALCOCO2"	0.00033275736892722	0.00105359421886753	0.315830670829694	0.00550216970381712	0.00736234736230982	0.747339052757068	1	1
"CALM1"	9.41890038062163e-05	0.000133801404750868	0.703946299977883	0.00574274886196925	0.00690054714563614	0.832216451937572	0.998	1
"CALR"	0.000504053181304707	0.000907046050905158	0.555708478970503	0.00706338175402905	0.00876442100325476	0.805915388067961	1	1
"CARM1"	0.000104801044758063	0.000169778020269136	0.617282758933872	0.00849037815729016	0.0100764695230353	0.8425945355048	1	1
"CBL"	0.00240830016655505	0.00464181588130866	0.518827163363508	0.00577912681426674	0.00724465300182697	0.797709264033675	0.996	0.995
"CBX5"	0.018677428279039	0.0176873775122707	1.05597498928722	0.0148315680306088	0.0152952135602546	0.969686887481546	0.031	0.92
"CCNA2"	7.50506414013915e-05	0.000176363623713086	0.425544904449719	0.00781168946905482	0.0103323176467707	0.756044261908299	1	1
"CCND1"	0.000770247152140575	0.00165240403909594	0.466137296881696	0.00889592630691421	0.010608990322367	0.838527139397884	1	1
"CCND3"	0.000109155640702741	0.000235819402036009	0.462878116729655	0.00820798260456417	0.0104275676695903	0.787142588247201	1	1
"CCNDBP1"	0.00359245523806173	0.0050605030720213	0.709900811625594	0.00590944544586856	0.00740197478024011	0.798360656624241	0.999	0.993
"CCNG1"	0.000272871075369947	0.000619833453321438	0.440232894671529	0.00594310860305416	0.0083223678289701	0.714112705084513	1	1
"CCNH"	9.24457146574693e-05	0.000198155539229874	0.46653106452011	0.00620088578541155	0.00879383861569662	0.705139820776701	1	1
"CCNK"	0.000294861780882086	0.000469718286098778	0.627741754171518	0.00478627234767754	0.00556032295225775	0.860790351347144	0.747	0.859
"CCT4"	0.000117767933495405	0.000152317948345673	0.773171742230542	0.00523019410296487	0.00663536949277359	0.788229518892798	0.953	1
"CCT5"	0.000117767933495405	0.000152317948345673	0.773171742230542	0.00523019410296487	0.00663536949277359	0.788229518892798	0.953	1
"CDC25A"	5.58622008435085e-05	0.000201438439074662	0.277316489842356	0.00434482364534167	0.00639725244803169	0.67917026577222	0.987	0.994
"CDC27"	0.000694492440320521	0.00132295763219657	0.524954407774512	0.00766596061527989	0.00962919116578592	0.796116774845876	0.997	1
"CDC5L"	0.000321864141667767	0.000681203689093602	0.472493245149677	0.00627826834172346	0.00820194192866279	0.765461203740447	1	1
"CDC73"	0.000823554653229483	0.00143765355122564	0.572846394409405	0.00713948572168141	0.00942557226330733	0.757459125264427	1	1
"CDK2"	0.00285953170950688	0.00313952497311209	0.910816678955205	0.0199710350899823	0.020738452821693	0.962995420231741	0.975	0.969
"CDK4"	0.00119519990035874	0.00172136051154546	0.694334447863958	0.00787064042306215	0.00969839844492364	0.811540221590073	1	1
"CDK5"	3.80387614125894e-05	7.71792907023252e-05	0.492862282957511	0.00517507560498244	0.00666885726332124	0.776006353209176	0.999	0.976
"CDK6"	0.00747203144143749	0.00738979440210159	1.01112846107227	0.0213714122688575	0.0206432001662159	1.03527612466954	0.424	0.033
"CDK7"	4.21971526653577e-05	8.10547282397871e-05	0.520600754351114	0.00511887591402356	0.00673157379441528	0.760427809358687	0.997	0.993
"CDK8"	0.00073900703667502	0.00151507825745353	0.487768227838676	0.00634729140007948	0.00862888725333711	0.735586317647707	0.987	1
"CDK9"	0.000321525819059843	0.000403730036067091	0.79638815628375	0.011097832752909	0.0124194903215193	0.893581980065614	1	1
"CDKN1A"	0.000401167896900476	0.000718527648988413	0.558319359686805	0.00845111582077576	0.0108717552453949	0.777346033829776	1	1
"CDKN1B"	0.00115105564214842	0.00139431003137946	0.825537804536644	0.0100456971167023	0.0118276974028403	0.849336669222697	0.912	1
"CDKN2A"	8.6616707590013e-05	0.000226425034801467	0.382540330250848	0.0069130360508031	0.00926591606484137	0.746071516558839	1	1
"CDKN2C"	0.000108341598311626	0.000217269277817982	0.498651256172487	0.00682645226902352	0.00821166890533274	0.831311192368015	1	1
"CDYL"	0.000272738294822206	0.000414896675829451	0.65736437699086	0.00748275683410722	0.00850681164281531	0.879619433025417	1	0.996
"CEBPA"	0.000569125474472389	0.000923914918694755	0.615993380945089	0.012745074626825	0.0144784671255182	0.880277899333826	1	1
"CEBPB"	0.00248907693003699	0.0028482121999663	0.873908527625309	0.0308731084808271	0.0285806300817903	1.08021091181252	0.998	0
"CEBPD"	4.64660804614034e-05	9.78578946496824e-05	0.474832210806757	0.00633080659854394	0.00789848154241337	0.801521984263519	1	1
"CEBPG"	0.000105423263588102	0.000214468451226215	0.49155604465528	0.00830660313967298	0.0105090910684298	0.790420701998363	1	1
"CEP70"	0.00331523310841293	0.00522219196886659	0.634835549550366	0.00621870127583947	0.00857062911215974	0.725582824137911	1	1
"CGGBP1"	0.000454799780021801	0.000713161332355099	0.637723554808979	0.00518108065316677	0.00684070343359483	0.75739004087246	0.985	1
"CHAF1A"	0.000420882026502199	0.000699922355414413	0.601326737525052	0.00733203688117725	0.00917671782687624	0.798982492379095	0.996	1
"CHCHD2"	5.97867358484788e-05	7.60458899047148e-05	0.786192862275546	0.00655121755464963	0.00749063791717501	0.874587401912537	0.984	0.99
"CHD3"	0.00134889843013153	0.00201782183174749	0.668492336096566	0.011951340702091	0.0131792735104394	0.906828490403835	1	1
"CHD4"	0.000428372925520471	0.000623860152470228	0.686648961028031	0.007741609486771	0.00964155156958695	0.802942288997439	0.999	1
"CHD8"	0.00245608884800285	0.00307598302450415	0.798472822651148	0.011708897013463	0.0130201369315178	0.899291388028284	0.993	1
"CHEK2"	8.69831583834573e-05	0.000177007312172338	0.491409972367519	0.00446495567917388	0.00662319022517194	0.674139731364574	0.994	0.999
"CHTF18"	0.000105866289954763	0.000175145706092758	0.604446961998008	0.00503894523772953	0.00635612404322934	0.792770122712931	1	1
"CHUK"	0.000384617141082473	0.000546741295185783	0.703471906126608	0.0121172434727385	0.0136456521876124	0.8879929889858	1	1
"CITED2"	0.000283568510077124	0.000398966913773647	0.710756958252448	0.0151578251255973	0.016763504963127	0.904215744794331	1	1
"CLK3"	0.000165845371670871	0.000776868907502016	0.21347922419001	0.00347192931639218	0.00730752429278276	0.475117040640045	0.997	0.998
"CLOCK"	0.0017438050356406	0.00384242991187109	0.453828716628808	0.00652441922449187	0.00967898355446699	0.674081032143169	0.991	0.999
"CLU"	0.0028568673901737	0.00477379868441031	0.598447395677432	0.00656141443686427	0.0081281654693595	0.807244200625423	1	1
"COIL"	0.000160482833205467	0.000893585270229706	0.179594313550193	0.00448561685534732	0.00932634690138019	0.480961828117663	0.746	0.617
"COMMD1"	0.00123062079361639	0.00154063759541168	0.798773700759624	0.0196724182783128	0.0206744260075046	0.951533951712706	1	0.981
"COMMD4"	0.000502669953300752	0.000783497602824558	0.641571782081521	0.0151637284083505	0.0167114386460784	0.907386175989638	1	1
"COMMD6"	0.00043960539371786	0.000717275060995289	0.612882585249604	0.0143853210141966	0.0161297744248664	0.891848865041754	1	1
"COMMD8"	0.000502669953300752	0.000783497602824558	0.641571782081521	0.0151637284083505	0.0167114386460784	0.907386175989638	1	1
"COPS2"	0.00012582010805555	0.000194152283323966	0.648048562197974	0.00605615821926417	0.00714457469408965	0.847658325172824	0.987	0.963
"COPS4"	8.69831583834573e-05	0.000177007312172338	0.491409972367519	0.00446495567917388	0.00662319022517194	0.674139731364574	0.994	0.999
"COPS5"	0.00306783875243745	0.00340376452507834	0.901307575725098	0.0260696910531926	0.025820354659429	1.00965658284142	0.966	0.346
"COPS6"	0.000573447224695987	0.00153627984273713	0.373270031112494	0.00704858048980385	0.00954502372588399	0.73845604706981	0.999	1
"CREB1"	0.00691568889584969	0.00985477558800367	0.701760160248422	0.0220488854484797	0.0244946506759423	0.900151046862462	1	0.997
"CREB3"	0.00422649320715377	0.00537758525127042	0.785946295533909	0.00468786848908968	0.00611899896380116	0.766116895397796	0.908	0.958
"CREB5"	0.000107414519517145	0.000303880081123852	0.353476671191774	0.00758731843226438	0.0119762597207639	0.633529884051346	0.999	0.991
"CREBBP"	0.0299346235188072	0.0279816290437009	1.06979559596249	0.0919389433102538	0.0791225763724571	1.16198116296752	0.004	0
"CREBZF"	0.000100202237219502	0.000314895916540338	0.318207483667597	0.00474677810982947	0.00806500934702138	0.588564489585195	0.945	0.966
"CREM"	0.000142458419344818	0.000261526377936672	0.54471912343509	0.00599946461613059	0.00744703557430079	0.805617826888639	0.997	0.986
"CRK"	0.000899405190174243	0.00139680665238217	0.643900992768297	0.00818998650003331	0.0100910616504319	0.811608013482189	1	1
"CSE1L"	0.000220110348356114	0.000292596174781772	0.752266664184107	0.00372466498953706	0.00404046518929529	0.921840633451093	0.725	0.63
"CSNK1A1"	0.000350597676739449	0.000808253691501764	0.433771822418807	0.00513609486768438	0.00651233792144893	0.788671431003023	0.849	0.995
"CSNK1E"	0.000218088614190925	0.000389063438252691	0.560547696721067	0.00482279670581094	0.00612755895861607	0.787066552665237	0.992	0.966
"CSNK2A1"	0.00320725016189235	0.0036353415836019	0.882241761368294	0.0156884665965132	0.0162443868386494	0.965777702312932	0.992	0.951
"CSNK2B"	0.000257990285866689	0.000700525692536826	0.36828097615153	0.00677456836460351	0.00894217643288868	0.757597260068269	1	1
"CTBP1"	0.00935966030278712	0.009887476979774	0.946617658067211	0.0318416267939354	0.0281128114304253	1.13263758314384	0.913	0
"CTBP2"	0.00361775463075929	0.00379891597485285	0.952312358237778	0.0149128818471233	0.0151886353705373	0.981844746635438	0.753	0.768
"CTNNB1"	0.0100624821076029	0.00897304484281029	1.12141221668646	0.0377774153474031	0.0324222267477239	1.16517029016383	0.001	0
"CTR9"	0.00552887211519247	0.00641719166206753	0.861571915932327	0.00877973254321353	0.0106110969332277	0.82741045515479	0.975	1
"CUL2"	0.00156969771856568	0.00256658013064686	0.611591159700153	0.0060145757976014	0.00707887639004396	0.849651196913194	0.976	0.965
"CUX1"	0.000168788910613674	0.000293427817094352	0.575231456530244	0.00635134137824345	0.00816711684561014	0.777672402428933	1	1
"CYC1"	0.000111254242664734	0.000155506885248028	0.715429689735519	0.00479345618288397	0.00524327449597057	0.914210420714711	0.927	0.866
"DAP3"	5.70773047879706e-05	8.37536794925299e-05	0.681490116420037	0.00677523774430327	0.00797080020704412	0.850007222401048	0.884	0.88
"DAXX"	0.00100625233539828	0.00149523507667686	0.67297266569927	0.0138810762910525	0.0151315462834684	0.91736006558814	1	0.995
"DCAF6"	5.70773047879706e-05	8.37536794925299e-05	0.681490116420037	0.00677523774430327	0.00797080020704412	0.850007222401048	0.884	0.88
"DCAF7"	8.01753848716637e-05	0.00015696989382228	0.510769185856986	0.00436728229578243	0.00552554766651285	0.790379987534992	0.857	0.814
"DCTN1"	8.970962973751e-05	0.000303654755327712	0.295432981580324	0.00706287619774863	0.0110934466596529	0.636671037815189	1	1
"DDB1"	0.000120319636105661	0.000307930473862651	0.390736371741267	0.0106122296531738	0.0140887341280785	0.753242239984067	1	1
"DDIT3"	0.00287785834431588	0.00453343760134294	0.634807092847903	0.0194837525270669	0.0231481068397533	0.841699611201318	0.996	0.997
"DDX3X"	0.000378581574700637	0.000602856867289815	0.62797920243088	0.0108946299028827	0.0129447112755377	0.841627879601366	1	1
"DDX5"	0.000264892932364028	0.000356854315866608	0.742299926289935	0.00804305873176638	0.00941591356882161	0.854198445321218	0.981	0.958
"DDX6"	0.000314793603874804	0.000482626571439917	0.652250875735286	0.00752618228048923	0.00934571923333203	0.805307980326081	1	1
"DHX9"	2.10128158967071e-05	4.69221156013065e-05	0.447823283912673	0.00427381549878227	0.00566664295081639	0.754205891544049	0.993	0.991
"DNAJA3"	0.000440199987437785	0.000760516700981034	0.578816989646572	0.00600171489435994	0.00741278751934616	0.809643454462502	1	1
"DNMT1"	0.000108310126266899	0.000175325105218871	0.617767353578301	0.00529347755135935	0.00692243462939424	0.764684368254202	1	1
"DNMT3A"	0.00335791276370786	0.00540880326082202	0.620823609546028	0.00503970906596932	0.00642003394073086	0.78499726208544	1	0.999
"DPF2"	0.000979907011658676	0.00181999096103225	0.53841311997665	0.00606847747496019	0.00769423065297906	0.788704907437444	0.99	0.972
"DPY30"	0.000227032628675233	0.00102115062382134	0.222330206121438	0.00481518497934809	0.00782527632748667	0.615337373126941	0.997	0.993
"DRAP1"	7.87819902056366e-05	0.000139708403948217	0.563903014988539	0.0053107577416449	0.00711075893095315	0.74686229602401	0.993	0.999
"DROSHA"	0.000232919021445454	0.000410170544259285	0.567858966728282	0.00787382267775589	0.00980056137652274	0.803405271928366	1	1
"DVL2"	0.00158429279776976	0.00256252394390336	0.618254827057924	0.00770935567759747	0.0101572363121173	0.759001311055488	0.999	1
"DYNLL2"	0.000462583646686802	0.000919812323554776	0.502910903497212	0.0048036341404435	0.00579868622223484	0.828400426638736	0.987	0.973
"E2F1"	0.00026493156688496	0.000480094180954206	0.551832489113694	0.0141131107605582	0.017062285809723	0.827152406069517	1	1
"E2F3"	0.00186459688120902	0.00181058947150489	1.02982863346667	0.00550651136726598	0.0067823733987931	0.811885610462828	0.424	1
"E2F4"	0.000167214904359314	0.000197858531670231	0.84512354836439	0.005122827206468	0.00705402887742633	0.72622713848842	0.588	0.875
"E2F6"	4.06860603677188e-05	5.81320538108894e-05	0.699890296325594	0.00593499649685601	0.00697781396049474	0.850552412325308	0.783	0.8
"EAF1"	0.000130141627688858	0.000218149552707293	0.596570683156422	0.00485373402807849	0.00534275145846064	0.908470862965606	0.961	0.838
"EBP"	0.000126099790927585	0.000277386067581883	0.45460030500761	0.00494973340895402	0.00653039493408537	0.757953149681485	0.904	0.938
"ECSIT"	0.000175892087307433	0.000255259326667808	0.689072127563577	0.00834540358510511	0.00942893640670245	0.885084300618771	1	1
"EED"	0.000520105707208523	0.000941506035782948	0.552418877247035	0.011396141009922	0.0132330887625717	0.861185261762522	1	1
"EEF1A1"	0.000103024071218398	0.000389004670450341	0.264840190990843	0.00550716508017916	0.00750597709713887	0.733703954716086	0.993	0.966
"EEF1D"	0.000740393466873198	0.000972125869586873	0.761623047011233	0.00940458579526796	0.0105064630261976	0.895123865359623	0.997	0.999
"EEF2"	8.48639851456606e-05	0.000131275683567213	0.646456242615641	0.00576088178158856	0.00801880905267293	0.718421120112378	0.996	1
"EFTUD2"	0.00017078042968909	0.000287079059542844	0.594889888384918	0.00517202399743736	0.00646291214458538	0.800262154541351	0.999	0.998
"EGFR"	0.00124935955139661	0.00198225552809876	0.630271694888352	0.0096476652533019	0.0128768073499988	0.749228049397106	0.986	1
"EGR1"	0.0009563137514124	0.00205903806462824	0.464446854014358	0.0182794613163737	0.0207721949433641	0.879996618855788	0.998	0.972
"EHMT1"	7.37889303873752e-05	0.000138669364518632	0.532121356750434	0.00515941180029405	0.00559789319603107	0.921670281946803	0.898	0.673
"EHMT2"	0.00259886642580757	0.00383346631581231	0.677941636029967	0.0153312205126841	0.0165298615580252	0.927486322790213	1	0.998
"EIF1AD"	0.000650702538960543	0.00140239263041669	0.463994551060355	0.00743736190707275	0.00939844421155587	0.791339687682365	1	1
"EIF3A"	0.00110972870423156	0.00123371660498974	0.899500500960502	0.00554666739113704	0.00624374726507481	0.888355526842514	0.663	0.958
"EIF4ENIF1"	0.000195128983114925	0.000262437886235081	0.743524442732848	0.00456614525814811	0.00495122640872726	0.922225097624219	0.788	0.733
"EIF5A"	0.000190013332650664	0.000233805634101056	0.812697835025376	0.00473069553719376	0.00560729939025259	0.843667371394031	0.635	0.927
"ELAC2"	0.000119473839042928	0.000367440146687029	0.325151837979999	0.00584795321637427	0.00734056894213796	0.796662120125942	0.755	0.623
"ELF1"	0.000321867283853334	0.000701891617624894	0.458571203546339	0.00686594218923503	0.00948881063544624	0.723583012984445	1	1
"ELF3"	0.00188568582151894	0.00345907168287207	0.545142163678219	0.00902893632032253	0.0115365846265754	0.782635122315462	1	1
"ENO1"	0.000242511135477888	0.000475107782590304	0.510433935970717	0.00483025112803686	0.00600830820477899	0.803928654025253	0.939	0.92
"EP300"	0.106168738682151	0.100991377735207	1.05126537594643	0.17293122279227	0.148811498034187	1.1620824000612	0.005	0
"EPAS1"	0.000714350591909074	0.00117334586187364	0.608815026430805	0.0113240987929055	0.0137568771134971	0.823159115217743	1	1
"EPC1"	0.000398662018022332	0.000705300601604047	0.565237031012968	0.00687516236671767	0.00857340533608808	0.801917335901292	1	1
"EPM2AIP1"	0.000262574202701698	0.000376634952108382	0.697158352489119	0.00535261588429584	0.00614134962075145	0.87156996667467	0.993	0.988
"ERCC3"	7.92481204882284e-05	0.000119285505495086	0.66435666394936	0.00509611134380812	0.0065311077287491	0.780282848708145	0.999	1
"ESR2"	0.000200375132671835	0.000350321670560685	0.571974700711884	0.0147970610266956	0.0162839091730276	0.908692186223027	1	1
"ETS1"	0.000224691239849321	0.000342079619781133	0.656839013072693	0.00943016960233069	0.0115402526219245	0.817154520899739	1	1
"ETS2"	0.00168759149484742	0.00355452606892521	0.474772575056034	0.00652824453614984	0.00942703830851793	0.69250217539173	1	1
"EXOSC1"	5.97867358484788e-05	7.60458899047148e-05	0.786192862275546	0.00655121755464963	0.00749063791717501	0.874587401912537	0.984	0.99
"EXOSC8"	0.000945948112219114	0.00158845636258561	0.595514069193156	0.00706855663467961	0.00944339005651787	0.748518973840423	0.995	1
"EYA2"	0.00364413435547231	0.00493803253299234	0.737972933779771	0.0058637161367356	0.00781938975412014	0.74989434228495	0.998	0.999
"EZH2"	0.000203252966291327	0.000243831100467493	0.833580974295867	0.00785494930496882	0.00862041901350154	0.911202726070065	0.957	0.992
"FANCG"	0.000310001293390064	0.000178828258938067	1.73351401635815	0.00444326939482483	0.00553927872875635	0.802138619917834	0.161	0.764
"FANCL"	0.000156245997338781	0.000546678357956243	0.285809736319006	0.00469319807806672	0.00600861033361291	0.781078788187076	0.959	0.92
"FBXO11"	7.64181549137066e-05	0.000160393730794936	0.476441033792074	0.00474754294229156	0.00597482539778694	0.794591076092373	0.997	0.966
"FBXW11"	0.00151543667719159	0.00191983844461793	0.789356355187054	0.0209539398456083	0.0206493354562376	1.01475129260291	1	0.286
"FBXW7"	0.00301761268904801	0.00307195090954167	0.982311494521323	0.0239204672192955	0.0220295402058718	1.08583597277803	0.552	0
"FHL2"	0.010387880389781	0.0116374963707029	0.892621579322864	0.0254681751118569	0.0240459387081386	1.05914663681801	0.999	0
"FHL3"	0.00606153940250821	0.00742267668809062	0.816624468129361	0.0151704408379859	0.0155601266231627	0.974956130202906	0.999	0.84
"FKBP4"	0.000189188280611098	0.000459786295391695	0.41147002967961	0.00778508543385462	0.0110101537920813	0.707082351515722	1	1
"FKBP5"	5.70773047879706e-05	8.37536794925299e-05	0.681490116420037	0.00677523774430327	0.00797080020704412	0.850007222401048	0.884	0.88
"FLNA"	0.000692820681115433	0.00077332943523565	0.895893327666128	0.010356186905981	0.0112861134301467	0.917604361331181	0.95	1
"FOS"	0.00783243079284958	0.00757468856829854	1.03402677512442	0.0300369125594808	0.0274231074379103	1.09531396569439	0.243	0
"FOSL2"	0.000120676938000374	0.000209381006536196	0.576350930758908	0.00838668948467644	0.0102726301553852	0.816411119432726	1	1
"FOXA1"	0.000908225972782879	0.00176395317927205	0.514880997667798	0.00964564569327261	0.0121853279349661	0.791578671066717	1	1
"FOXJ2"	0.00826660130135361	0.00923972757357875	0.894680198688127	0.0270902850908298	0.0264430717020875	1.02447572642218	0.997	0.087
"FOXK1"	0.000180807632301535	0.000347306941497252	0.520598959301149	0.00675552359473665	0.00901117405036843	0.749682955514597	1	1
"FOXK2"	0.00201486237445705	0.00265581120637481	0.75866174885501	0.0135026605802659	0.0147958860291107	0.912595606217808	1	1
"FOXM1"	0.000137881757688709	0.00045838117106391	0.300801530238868	0.00655235286133282	0.00925638119328979	0.707874138338512	1	1
"FOXO1"	0.000190664131529348	0.00038697343338228	0.492705997574248	0.00391289779154985	0.00603496475376072	0.648371274929403	0.557	0.849
"FOXO3"	0.000110874866521934	0.000179580234030875	0.617411304313544	0.00507796986516649	0.00597628060249693	0.849687322754705	0.995	0.983
"FOXO4"	0.000383104626848082	0.000174584762034008	2.19437608634742	0.00463292840273158	0.00569830374134141	0.813036407504834	0.041	0.776
"FOXP3"	3.44905492093693e-05	8.99969220068374e-05	0.383241431376385	0.00569586334870834	0.00820981362919014	0.693787168134559	0.998	0.995
"FOXP4"	8.40318716654038e-05	0.000231468646263035	0.363037815367495	0.00715990453460621	0.0100999817148289	0.708902722476611	0.837	0.805
"FUS"	0.000763499437512837	0.00167677911289354	0.455336920433904	0.00930577401790129	0.0114078122257421	0.815736955847024	1	1
"FXR2"	0.000141527518702525	0.000288464713265309	0.490623331708366	0.00488107881700291	0.0073899414666585	0.660503041739243	0.958	0.951
"FZR1"	0.000142706675107547	0.000500438257442249	0.285163400250261	0.00558675473759011	0.00718984881469475	0.777033687575153	0.933	0.854
"GADD45GIP1"	0.000255110348075516	0.000545404656805795	0.467745085950659	0.0080181408495906	0.0104304369485059	0.76872530740327	1	1
"GAPDH"	0.000128217084685496	0.000343198054868131	0.373595021494983	0.00539304750071382	0.00830915708004876	0.649048687942504	1	1
"GLRX3"	0.000625081191147959	0.000841764639209241	0.74258428310218	0.0124467885921091	0.0132827011566056	0.937067577246454	1	0.999
"GNL3"	4.32466045792904e-05	9.49791229232581e-05	0.455327478800085	0.00533468590227732	0.00758324209284545	0.703483528148262	1	1
"GPS2"	0.000139504805373106	0.000509947201947944	0.273567155266687	0.00506874198857319	0.00788783658624579	0.64260230712838	1	1
"GRB2"	0.000382253211539164	0.000689548091492591	0.554353229680821	0.00807516560182884	0.00978758141309854	0.825041985451277	1	1
"GSK3B"	0.0154402528649648	0.0127799772491623	1.20815965192559	0.0338330409205977	0.0289010348815174	1.17065153754181	0	0
"GTF2F1"	0.000105451360945399	0.000204512169413265	0.515623892934752	0.00682225044409244	0.0078745816174182	0.866363544826554	0.974	0.787
"GTF2H1"	0.000463557168170142	0.000563708792148411	0.822334465289124	0.00671547288696305	0.0085255901041086	0.78768423123307	0.896	1
"GTF2I"	0.00021021813475798	0.000328786958011409	0.639374919338149	0.0063188136588453	0.00799589742399197	0.790256968515565	0.999	1
"GTF3C1"	0.000400917576992855	0.000590273561740404	0.679206393406408	0.00659493222727145	0.00778095589916491	0.847573526021301	1	1
"GTF3C3"	0.000132810493751903	0.000196585902579358	0.675585034375949	0.00452619580813241	0.00535470742036186	0.845274158382781	0.937	0.948
"GTF3C5"	0.00013224262719847	0.000190321974385213	0.694836356262311	0.00575780793050622	0.00691306638622425	0.832887695390844	0.893	0.97
"H2AFX"	0.000158355128818411	0.000200348916067451	0.790396733492172	0.00633419025158028	0.00651424330284686	0.972360097267493	0.77	0.601
"H2AFY"	0.000551768158021154	0.000945030036566587	0.583863090770953	0.0106596158938338	0.0129415511118439	0.823673746810634	1	1
"HAT1"	5.97867358484788e-05	7.60458899047148e-05	0.786192862275546	0.00655121755464963	0.00749063791717501	0.874587401912537	0.984	0.99
"HCFC1"	0.00679859452660985	0.00730631385408851	0.930509510319687	0.0334250301861261	0.0314466004957612	1.06291394488354	0.946	0
"HDAC1"	0.040894503899004	0.0402489089169197	1.01604006169253	0.0975898172336482	0.0852491525343754	1.14475996924775	0.194	0
"HDAC2"	0.023373865427826	0.0229450404345558	1.01868922369055	0.0673363992201798	0.058320699253487	1.15458833796739	0.237	0
"HDAC3"	0.0113716668806685	0.0116648812722005	0.97486349113293	0.0461686130675502	0.0408931337964242	1.12900648058397	0.804	0
"HDAC4"	0.00175116011212252	0.00248234441608495	0.705446069761896	0.0229820248418027	0.0251689094033132	0.913111667793496	1	0.981
"HDAC5"	0.000754731805386024	0.00127924737253101	0.58998112608414	0.0166603653538673	0.0198542398442867	0.83913388195829	1	1
"HDAC6"	0.000202101136388301	0.000408005946935648	0.495338702551258	0.0066001702212585	0.00840015092924029	0.785720432508399	0.998	1
"HDAC7"	0.000632059316765844	0.00135250863910177	0.467323681707207	0.013886006367206	0.0178782075975421	0.77670014130024	1	1
"HDAC9"	0.000178267889959608	0.000361098054561318	0.493682775932366	0.0109414031764012	0.0138719606295746	0.788742375254038	0.984	0.931
"HES1"	0.000278088348043498	0.00051923035054028	0.535577991067232	0.00693054175158989	0.00902707866422758	0.767750233423153	1	1
"HEY1"	0.000198265441602929	0.00038636888214009	0.513150646358319	0.0044790442828146	0.00529308845249191	0.846206203243388	0.917	0.876
"HIC1"	0.0025611496477124	0.00362441696030422	0.70663769532119	0.00727904984138737	0.00897659183773419	0.810892371288289	0.984	0.997
"HIF1A"	0.0165978974965461	0.0159458537506718	1.04089111540025	0.0280446199229321	0.027013354702299	1.03817612554968	0.143	0.027
"HIF1AN"	0.000172164924269698	0.000304685472727733	0.565057870099191	0.00829493761418672	0.00976611483118213	0.849359008937915	0.997	0.975
"HIPK2"	7.0876751670646e-05	0.000185198819421799	0.382706282318252	0.00451581414164162	0.00647839114320866	0.697057964210077	1	1
"HIPK3"	0.000337988642183894	0.000720869573575438	0.468862405313495	0.00605094306975876	0.00763827881484083	0.79218672379464	1	1
"HIRA"	0.000352167608140344	0.00169617819616805	0.207624180605522	0.00659306115930537	0.0124271470738264	0.530536986497201	1	1
"HMGA1"	0.00277704597269006	0.00411684240730721	0.674557269367641	0.0226429382448416	0.0232201245678668	0.975142841230753	1	0.869
"HMGB2"	0.00193134523782144	0.00531760790686251	0.363198128114898	0.00583643877518793	0.0108778588614216	0.536542976843255	0.988	1
"HOXB9"	0.000420433314142544	0.000667745636565394	0.629630941963288	0.00932293784508568	0.0118837984147531	0.784508245571695	0.997	0.998
"HSF1"	0.000280801312161104	0.000700115545269083	0.401078527763843	0.00321543408360129	0.00627341597478785	0.512549159265662	0.649	0.865
"HSP90AA1"	0.00101227227717067	0.00160204868283281	0.631861121336667	0.0163603313548563	0.0184264286335737	0.887873156551189	1	1
"HSP90AB1"	0.000612586938260141	0.000855249462232059	0.71626696690506	0.0140678456252232	0.0151451941743748	0.928865319470489	1	0.998
"HSP90B1"	0.000118410318339585	0.000185732230781784	0.637532418800833	0.00643549618755053	0.00883409698558827	0.72848375991901	1	1
"HSPA4L"	0.000222105457352643	0.000616159079599428	0.360467718007234	0.00569384511613293	0.00787383806625155	0.723134647706003	1	1
"HSPA5"	7.74913847404787e-05	0.000222266426956085	0.348641879035512	0.00516748345148181	0.00680233936622892	0.759662694445448	0.994	0.983
"HSPA8"	0.000545927295795483	0.000882550485197221	0.61857911241586	0.00954529748441198	0.0117112363986665	0.815054632959068	1	1
"HSPB1"	0.000771835804963137	0.00135797722791917	0.568371684807869	0.00846404474683181	0.0106056353416648	0.798070504421398	1	1
"HSPH1"	0.000111254242664734	0.000155506885248028	0.715429689735519	0.00479345618288397	0.00524327449597057	0.914210420714711	0.927	0.866
"HTT"	0.00135399686337961	0.0024485633404007	0.552976041517487	0.00580237919472001	0.00796360639163442	0.728612001820592	1	1
"HUWE1"	0.000682432884423261	0.000972211316478006	0.701938840719819	0.0103619686523622	0.0121348981262284	0.853898281186704	1	1
"IKBKB"	0.00095034549788793	0.00128547530754903	0.739295023643758	0.0149250041231004	0.0156668756275861	0.952647131302976	1	0.984
"IKBKE"	0.000149454394079023	0.000343256876721746	0.435401019511621	0.00718920018737421	0.0098829630593557	0.72743367998007	1	1
"IKBKG"	0.000392510891962455	0.000588202590245673	0.667305616247823	0.0105270454058075	0.0123471116582315	0.852591739444538	1	1
"ING4"	0.000165406750421218	0.000296854628978908	0.557197814264068	0.00503931210932679	0.00486977996694685	1.03481310111147	0.771	0.425
"INTS3"	0.000349276443713209	0.00093359497530301	0.374119883839185	0.00510160173177821	0.00693830062787473	0.735281159666452	1	1
"IPO4"	0.000127324113175283	0.000198595348123203	0.641123341400199	0.00437452986092432	0.00593579551928256	0.736974487533063	0.999	0.998
"IRAK1"	0.000157277365198579	0.00025468701641332	0.617531931597726	0.0059365206948382	0.00771152120911828	0.769824854766492	1	1
"IRF2BP1"	6.41949945344477e-05	0.00119811306138806	0.0535800807146494	0.00456798748534724	0.00792130828263115	0.576670837993182	0.999	0.999
"IRF2BP2"	2.50324588227936e-05	0.00018064943818003	0.138569259196073	0.00433420267557274	0.00735591201190338	0.589213501814473	0.579	0.658
"IRF5"	0.000507851557185714	0.00127274065523603	0.399022027854948	0.00578626204887004	0.00835289001963683	0.692725755429212	0.948	1
"IRF7"	9.53661579776609e-05	0.00017952012724072	0.53122822183489	0.00508139024755431	0.00689465576369607	0.737004198862322	0.843	0.827
"ISG15"	0.000327617627343285	0.000732149363977508	0.447473758036823	0.00948551711270653	0.0119396664244705	0.794454114167367	1	1
"ITCH"	0.00452615162255459	0.0049269285287782	0.918655831136443	0.00619458199459231	0.00765875185608527	0.80882395865462	0.783	0.999
"JDP2"	1.02650600361199e-05	1.5361188869007e-05	0.668246456941291	0.00497834107297559	0.00533219725621343	0.933637829541001	0.667	0.639
"JMJD1C"	0.000186842970435233	0.000436646998247874	0.427903938845281	0.00523075864035686	0.00696044943819594	0.751497254136021	0.999	0.997
"JUN"	0.026973328256654	0.0280942691381403	0.960100728160089	0.0685822336769209	0.0613633631764373	1.11764137633277	0.953	0
"JUNB"	0.0003421144109421	0.000571678131490103	0.598438862879649	0.0108604390762073	0.0129589237868922	0.838066436287905	1	1
"JUND"	0.00210988968307517	0.00206985850689729	1.01934005442618	0.0213946367334345	0.0208838152892658	1.0244601590798	0.366	0.14
"KAT2A"	0.000865217681099574	0.00136551639643504	0.6336194009522	0.0142497606004622	0.0165363448711383	0.861723718966031	1	1
"KAT2B"	0.00936944909460266	0.00908539597189551	1.03126480382207	0.0474169558984379	0.0412316679735622	1.15001304164657	0.142	0
"KAT5"	0.013986199454029	0.0125101533125464	1.11798785391401	0.0400915251272867	0.0343170424854073	1.16826865672748	0	0
"KAT6A"	0.00111721757356952	0.00195777731914524	0.570656102021496	0.00711031392619149	0.00973530345744022	0.730363871786392	1	1
"KAT7"	6.24760139990955e-05	8.32696844380632e-05	0.750285225898338	0.00587365351955277	0.00704395211720792	0.833857672769213	0.966	0.985
"KDM1A"	0.00308318698437179	0.00343745750199966	0.896938211622462	0.0252929489503256	0.0240986131655992	1.04956035339126	0.987	0.012
"KDM2A"	0.000378850043762416	0.000716979125116181	0.528397592748639	0.00711357228046646	0.00897821076313319	0.792315135848291	1	1
"KDM5A"	8.05920543559798e-05	0.000141424247586786	0.56986023069717	0.00547970463998822	0.00742330210923251	0.738176159255731	0.996	0.995
"KDM5B"	0.00162196150883673	0.00201835937748655	0.803603920554794	0.0134035879003943	0.0145636091507525	0.920347955074153	0.982	0.999
"KDM5C"	0.000421872161213699	0.000564759154598501	0.746994816779228	0.0127162275933361	0.013886377836953	0.91573394751632	1	0.999
"KEAP1"	0.000820152454806403	0.00135786387647764	0.604001968837934	0.0154947334538734	0.0163155375889858	0.949691873121816	1	0.992
"KHDRBS1"	6.99184678342058e-05	0.000156605066266357	0.446463639402873	0.00635213016663821	0.00797232886937343	0.796772219349934	1	1
"KIF2C"	0.000326543282524314	0.00108895414883846	0.299868716118693	0.00602425524492881	0.00724446958164435	0.831566090109999	0.946	0.841
"KLF5"	0.000366958148814669	0.000767313239948377	0.478237738787562	0.0100371893773567	0.0141216344141725	0.71076683356732	0.979	1
"KMT2B"	9.69500971685022e-05	0.000311604378415306	0.311132011884914	0.00407751210156681	0.00770469865126466	0.52922408599297	0.593	0.771
"KMT2C"	0.00011795029035482	0.00036825518686297	0.320294987178851	0.00467311273505668	0.00866258656176554	0.539459282944728	1	1
"KPNA2"	0.00121303736664134	0.00170485288524328	0.711520259103321	0.00930764837708666	0.0109954435706984	0.846500490611443	1	1
"KPNA3"	0.000564149960118857	0.00122693766720009	0.4598032770534	0.0100859340572165	0.012911404140023	0.781164770913796	1	1
"KPNA4"	0.000174053900876077	0.000302502980249172	0.575379127612922	0.00591081284538515	0.00745125561837991	0.793264001144321	1	1
"L3MBTL1"	0.00020338047976692	0.000366610017909807	0.5547597442276	0.00553097136337132	0.0067900913028062	0.814565094446593	1	0.994
"L3MBTL2"	2.54781465696636e-05	4.23356900285197e-05	0.60181247908089	0.0057833677551296	0.00733200662253066	0.788783760418026	1	1
"L3MBTL3"	0.000450977989814471	0.00128117108733419	0.352004501407263	0.00539017506523671	0.00808180096760582	0.666952216076847	0.97	0.965
"LATS2"	5.45841005313559e-05	0.000128261322850563	0.425569449294949	0.00578199967636161	0.00791851935562507	0.730186972676181	1	1
"LCOR"	0.000467460591043449	0.000759700996684769	0.615321808294819	0.00762879734655595	0.00939337723876779	0.812146382780288	1	1
"LDB1"	0.00398754012133998	0.0104387960315374	0.38199233985346	0.00654105713805487	0.012016924258815	0.544320409879983	0.996	0.968
"LDOC1"	0.000166358118127198	0.000252333564036336	0.659278597211277	0.00457090259435899	0.0055925173508383	0.817324705067536	0.983	0.986
"LEF1"	0.000222372413306386	0.000528859924673108	0.420475068977548	0.00519122692976812	0.00806684992350502	0.643525908997269	0.997	1
"LIG3"	0.00013123113111972	0.00020979425115381	0.625523008366458	0.00568560231851258	0.00641232179692577	0.886668276885043	0.955	0.922
"LMNA"	0.000122653873126098	0.000186228643606491	0.65861980601261	0.00530323752649693	0.0061417182411559	0.863477827908113	0.998	0.964
"LRIF1"	0.000375854371479945	0.000705484307227591	0.532760782386465	0.00786069859752738	0.00984263835552926	0.798637348400747	0.996	1
"MAD2L1BP"	0.000856087106828659	0.0012151914136194	0.704487455419749	0.00598031949557563	0.00745250817336639	0.80245728772871	1	1
"MAD2L2"	0.000249225394034458	0.000452346891542822	0.550960775223686	0.00872662967511454	0.0105100893343634	0.830309752609073	1	1
"MAF"	0.000193133842532231	0.00107963289135137	0.178888438912311	0.00534465733880475	0.00851537652522097	0.627647799598158	1	1
"MAFB"	0.000386950984642024	0.000991847211908317	0.390131645273801	0.00893292546339331	0.0120500360851684	0.741319395249636	1	1
"MAFF"	0.00150447971004972	0.00269407447580113	0.55844028202017	0.00949299497981228	0.0130475800376076	0.727567483966389	0.92	0.985
"MAFG"	0.000408853862583133	0.00060638817537868	0.674244451300209	0.00781908881780688	0.00929898884010011	0.840853661861445	0.891	0.907
"MAFK"	0.000139363395460214	0.000203650772150039	0.684325396800063	0.0049336346093376	0.00563644094574972	0.875310263484248	0.764	0.766
"MAGED1"	0.00010273450012625	0.000211584797208653	0.485547645585042	0.00468097479932339	0.00654779539856059	0.714893260157825	0.95	0.986
"MAGOHB"	5.97867358484788e-05	7.60458899047148e-05	0.786192862275546	0.00655121755464963	0.00749063791717501	0.874587401912537	0.984	0.99
"MAP2K1"	7.45288546491479e-05	0.000140515050022803	0.530397666563497	0.0048167433129299	0.00586186637484011	0.82170813951065	0.998	0.99
"MAP3K7"	5.88013085809166e-05	0.000205245135052757	0.286493068719032	0.00383287089962892	0.00656159353162097	0.584137204043185	0.971	0.995
"MAPK1"	0.0161987705986131	0.0132310242159852	1.22430208985955	0.023246609702616	0.0211774395569868	1.09770634169732	0	0
"MAPK10"	0.000167421561222836	0.00027670390951388	0.605056724774745	0.00756020185048086	0.00906832760077196	0.833693067047697	0.999	1
"MAPK14"	0.00252321829272176	0.00290698436878527	0.86798481609178	0.0212673762567756	0.0211064144448653	1.0076262035094	0.999	0.389
"MAPK3"	0.00644898892587401	0.0063129547961795	1.02154840864326	0.020276692322791	0.0196300289130596	1.03294256022726	0.318	0.073
"MAPK7"	0.000427398903274406	0.000772381794449543	0.553351860887662	0.0178031666873236	0.0203986177285584	0.872763386432741	0.992	0.974
"MAPK8"	0.0105057327526045	0.0108997414064949	0.963851559482353	0.030748068267413	0.0292588002918799	1.05089983050147	0.851	0.003
"MAPK9"	0.000666164118259419	0.000966924452083904	0.688951568888045	0.0133093356763552	0.0155500750076388	0.855901702713145	1	1
"MAPKAPK2"	0.000269732849409661	0.000546948115097067	0.493159848191069	0.00849386162280217	0.0105882072633846	0.802200165855751	1	1
"MAPKAPK3"	0.000122398786959702	0.000220690995015922	0.554616136244579	0.0107119706178221	0.0121996673422445	0.878054320442753	1	1
"MAX"	0.00520784671050131	0.00638465578245598	0.815681673053016	0.0259625989700806	0.0261402416730537	0.993204244046597	1	0.664
"MBD1"	0.000299244145748071	0.000655735025895702	0.456349186684542	0.00776993243924142	0.00952045670808656	0.816130221215306	1	1
"MBD2"	0.00334312349806806	0.00521021821955735	0.641647500582439	0.00555962866532203	0.00705241504580789	0.788329760686277	1	1
"MCM7"	0.00170870551135351	0.0028983297359856	0.589548349222747	0.0089220424350422	0.011119187576419	0.802400568721729	1	1
"MCRS1"	0.000697851276916809	0.00167021214381824	0.417821939266628	0.00647403965461403	0.0100229935334589	0.645918769976483	1	1
"MDM2"	0.00689358659558838	0.00754587749886851	0.913556653500148	0.0477584878492422	0.0426493290677668	1.11979458746836	0.987	0
"MDM4"	8.298126601677e-05	0.000162591250893413	0.510367351015513	0.00679316319347734	0.00916562995223723	0.741156170266203	1	1
"MECP2"	0.000716075504565868	0.00105415289883965	0.679289982842223	0.0108225286110128	0.0118751111646335	0.911362298926888	1	0.998
"MED1"	0.00252099250499632	0.00292447710298601	0.862031883382598	0.0228031701863545	0.0220372165072046	1.03475727884688	0.992	0.084
"MED12"	0.000819665714465353	0.00128204865083974	0.639340569430399	0.0120896682529244	0.0134760383389589	0.897123319838996	1	1
"MED13"	6.72256584350203e-05	9.48264260069123e-05	0.708933799003665	0.00557156239704003	0.00643564070431327	0.865735464894099	0.894	0.872
"MED14"	0.000117237525373265	0.000281657945056857	0.416240789336154	0.00609201421877367	0.00830979383918706	0.73311255810525	1	1
"MED15"	8.11473762966459e-05	0.000156226876879647	0.519420076221327	0.00644259798841802	0.00814969335687915	0.790532564391497	0.999	1
"MED17"	9.0481945950306e-05	0.000345101167138964	0.262189626017321	0.00521669742048762	0.00805963964229544	0.647261869266635	1	0.999
"MED23"	0.000998887721302805	0.00136390734816752	0.732372123843208	0.0131243034941369	0.0137666353084398	0.953341408418869	1	0.92
"MED25"	4.50791964686353e-05	0.000183012839746741	0.246317124694734	0.00572591242847267	0.00831133001834729	0.688928536808513	1	0.999
"MED31"	0.000248613997485782	0.00117549398570568	0.211497464477909	0.00515596057803326	0.00800299359943853	0.644253992455397	0.993	0.999
"MED6"	6.70844503333329e-05	0.000167983534821783	0.399351343597479	0.0073409860578858	0.00899474070048154	0.816142043704805	1	1
"MEF2A"	4.12895208710933e-05	0.00016662472709133	0.247799480856534	0.00574704765650149	0.0083170127619667	0.690999018635929	0.997	0.997
"MEF2C"	0.00125117519925909	0.00207339180681419	0.603443688330932	0.0100112481902326	0.0129056248704564	0.775727505697953	1	1
"MEF2D"	0.000189360022886119	0.0004213366280553	0.449426919658325	0.00819000707949228	0.0113135628419389	0.723910512887439	1	1
"MEIS1"	0.000152175696167165	0.000664889268415068	0.228873743939219	0.00604784223170592	0.00779135387115318	0.776224816857252	1	0.999
"MEN1"	0.00187161160692056	0.00217028963293152	0.862378725180784	0.0202552495293425	0.0198076480624719	1.02259740608571	0.982	0.172
"MFAP1"	6.73253652745902e-05	8.78663413301509e-05	0.766224748355236	0.00474985719846024	0.00557046180445048	0.852686431610639	0.945	0.956
"MITF"	0.00311960660169774	0.00581821139308346	0.536179659165744	0.00379035477394548	0.00805552327331768	0.470528685144549	0.77	0.791
"MLLT6"	0.00030146478420194	0.000642820141519976	0.468972212801412	0.00501569267077986	0.00803692828805707	0.624080804383089	1	1
"MNAT1"	0.000920259815453421	0.00191784846040651	0.479839692474118	0.00813601998071353	0.0123903898156692	0.656639549017618	1	1
"MNT"	0.000773497986548359	0.00213688516938023	0.361974521435188	0.00652717509694732	0.00794225220252151	0.821829240687556	0.994	0.904
"MORF4L1"	0.000348222903149834	0.000621851505349183	0.559977583320795	0.00593007073258244	0.00768768318137329	0.771372934169632	0.991	0.999
"MORF4L2"	0.000226946354332261	0.000390167043906129	0.581664591812277	0.00761254156907811	0.00902992823066866	0.843034559590781	1	1
"MRPL10"	5.97867358484788e-05	7.60458899047148e-05	0.786192862275546	0.00655121755464963	0.00749063791717501	0.874587401912537	0.984	0.99
"MSH2"	0.000474305677082334	0.000814912980373619	0.58203230100087	0.00787123811960603	0.0101190347669994	0.777864519773763	1	1
"MSH3"	0.00113692740021981	0.00208702564814603	0.544759668492707	0.00583401513136218	0.00760628569202335	0.766999211912362	1	1
"MTA1"	0.000214459705901369	0.000288379141941865	0.743672737415254	0.00711785310155635	0.0084165277069377	0.845699479571503	0.986	0.999
"MTDH"	2.10128158967071e-05	4.69221156013065e-05	0.447823283912673	0.00427381549878227	0.00566664295081639	0.754205891544049	0.993	0.991
"MTOR"	4.32466045792904e-05	9.49791229232581e-05	0.455327478800085	0.00533468590227732	0.00758324209284545	0.703483528148262	1	1
"MUC1"	6.87285836699359e-05	0.000106360494642504	0.646185257984599	0.00606159916572875	0.00767319664910125	0.789970522446956	0.995	0.998
"MYB"	4.17769409842798e-05	0.000106140759649197	0.393599415741472	0.00572558445157884	0.00749775770549078	0.763639567518415	0.986	0.953
"MYBBP1A"	0.000283252735341339	0.000456286772597431	0.620777879947979	0.00570959143237161	0.00729648859440206	0.782512212347192	1	1
"MYC"	0.00486817056305506	0.00549693855839339	0.885614876597402	0.0370456402383956	0.0342524955713404	1.08154572741241	1	0
"MYD88"	0.000164349634624128	0.000396106205504926	0.414913051954407	0.00951526619396717	0.0138758069760738	0.68574506768323	0.999	1
"NAA10"	0.000587834663798951	0.00100350000069577	0.585784417928629	0.00522555610093504	0.00602316736421479	0.867576108208687	0.996	0.971
"NACC1"	0.000932342620111171	0.00152549160170186	0.611175190391764	0.00918930635420369	0.0111724686857829	0.822495601701455	1	1
"NBN"	9.32030023077977e-05	0.000227786234762911	0.409168720861501	0.00657742806724719	0.00803443856410028	0.818654348374341	0.999	0.984
"NCBP1"	0.000158602199463513	0.00160936489891559	0.0985495580091133	0.00466391536960138	0.00778349289376248	0.599205964887427	0.997	0.999
"NCL"	8.41467424861562e-05	0.000145663531605583	0.577678857286001	0.00483331914599481	0.00562369398333633	0.859456286262465	0.979	0.934
"NCOA1"	0.00315792769116168	0.00367782385270705	0.858640276868426	0.0263523527602872	0.026269913664402	1.00313815633117	0.984	0.448
"NCOA2"	0.000808772093833658	0.000989342388085862	0.817484526664663	0.0174774705353727	0.0181729710957831	0.961728846827264	0.995	0.845
"NCOA3"	0.00178512149506592	0.00189262234567757	0.943200052109097	0.0226236417916258	0.0214991453528327	1.0523042390913	0.856	0.009
"NCOA4"	4.02362623456008e-05	6.86609257876016e-05	0.586013979334756	0.00540164298121762	0.00715295568636675	0.755162371760941	0.98	0.997
"NCOA6"	0.00160149868921523	0.0024546367018448	0.65243817466414	0.0127578810342672	0.0145559294948232	0.876473126556744	0.999	1
"NCOR1"	0.00501870149598942	0.0053976762638259	0.929789274251905	0.0407110855937712	0.035400474153992	1.15001526297863	0.933	0
"NCOR2"	0.0160858215545553	0.01567542839099	1.02618066653931	0.0554473283666258	0.0474481780846872	1.1685870902706	0.222	0
"NDUFAF3"	0.00031874067809824	0.000365535248260159	0.871983425990659	0.00472150139665526	0.00526293380288325	0.897123462595831	0.791	0.92
"NEDD9"	0.000195218622176601	0.000246542270119362	0.791826172777944	0.00657843487104365	0.00789525403691435	0.833213832042149	0.939	1
"NEK6"	0.000200718118596062	0.00032334679851319	0.620751835240063	0.00766712059635877	0.0091775813811805	0.835418426480089	1	0.999
"NFATC1"	0.00315226200077412	0.00377233231084382	0.835626806183731	0.0184684192066042	0.0191431870277904	0.964751542143604	0.997	0.951
"NFATC2"	0.000514220048161476	0.000606278637745569	0.848157952708989	0.0141048378800993	0.0145442880375103	0.96978537854327	0.998	0.93
"NFATC4"	5.61310728014911e-05	0.000153097874631872	0.366635219048337	0.00428062313669062	0.00720184638475997	0.594378567383632	0.993	0.998
"NFE2L1"	0.00162893937166697	0.0036081104811915	0.451466045776138	0.00959176395386098	0.0152293391444931	0.62982141659964	1	1
"NFE2L2"	0.00712943591961636	0.00914872386948304	0.77928200930817	0.0176495583531163	0.0203513708614148	0.867241743728376	0.993	0.998
"NFIA"	0.00112747449600166	0.00152578188677125	0.738948670040603	0.00954013979370756	0.0107532128453341	0.887189710733489	1	1
"NFIB"	7.59083591266734e-05	0.000765412550682205	0.0991731309592676	0.00697926581028576	0.0122014213993864	0.572004324892568	0.945	0.937
"NFIC"	0.00121889881867456	0.00170789946795994	0.713683001570648	0.0114409322066425	0.0127897148271465	0.894541618891988	1	1
"NFIX"	0.00283735740263753	0.00348864615454133	0.813311891475156	0.0139324806838528	0.0150156757464622	0.927862383225436	0.999	0.992
"NFKB1"	0.00169993432648956	0.00271598257104675	0.625900307539307	0.019585438018035	0.0223600585204455	0.875911751309889	1	1
"NFKB2"	0.000146514205205755	0.000269460954912877	0.543730742931296	0.00502134518081154	0.0074754447830777	0.671711894946832	0.996	1
"NFKBIA"	0.000249100045756403	0.000489892900609712	0.508478578575802	0.00897162090350768	0.0115351950664164	0.777760657869384	1	1
"NFKBIB"	0.000326896636316679	0.00048312318893679	0.676632055348204	0.0139061450530539	0.015473055509861	0.898732964810436	1	1
"NFYA"	0.000362717405573019	0.000679520489079271	0.533784354412167	0.0120237103415117	0.0143907059721522	0.835519144424123	1	1
"NFYB"	0.00025973438944366	0.000508233354929634	0.511053410651533	0.00499569591136816	0.00652666030396382	0.765429128942735	0.983	0.986
"NFYC"	0.000618860978336685	0.000863909943845195	0.716348946722599	0.0115466366009251	0.0133387782635477	0.865644242132718	1	1
"NIN"	0.000331358591482727	0.000620008324288197	0.534442165535671	0.00478088680255479	0.00744533134984772	0.642132173560357	0.999	1
"NLK"	0.000546155334589931	0.000922875815753851	0.591797211788245	0.00828412714317091	0.0111231775353359	0.744762646901396	1	1
"NMI"	0.000402750089935458	0.000625755835971239	0.643621787898066	0.00498444888108622	0.00619415362813127	0.804702172456447	0.997	0.989
"NOL9"	5.97867358484788e-05	7.60458899047148e-05	0.786192862275546	0.00655121755464963	0.00749063791717501	0.874587401912537	0.984	0.99
"NONO"	0.000605038973568106	0.000824553485028519	0.733777716732565	0.00726732431335966	0.0086401574357275	0.841110172750892	0.994	0.999
"NOTCH1"	0.00110049822895302	0.00158267537013506	0.695340465719827	0.0158306395462133	0.0166126427907693	0.952927222091926	1	0.968
"NPM1"	0.00442315447190747	0.00512594672925321	0.862895130506336	0.0293448434656171	0.0288396256392278	1.01751818254194	1	0.19
"NR1H2"	0.000329603033294928	0.000586786966668461	0.561708170115435	0.00884101449317559	0.0112244136583355	0.787659361307486	1	1
"NR1H3"	0.00010538470766705	0.000308421497889117	0.341690538397353	0.00455422457022898	0.00618474605688218	0.736364036347327	0.92	0.922
"NR2C2"	0.000218224819370144	0.000324024646831153	0.673482161015546	0.00581467135513455	0.00685956995607805	0.84767287051025	0.788	0.802
"NR2C2AP"	0.000491525690341005	0.000986075456540304	0.498466610319607	0.00943277951241637	0.0111711895373528	0.844384519739481	1	1
"NR2F1"	0.000118879257365267	0.000374039616777913	0.317825310562895	0.00392842497542652	0.00649845670224303	0.604516603776181	0.975	0.972
"NR2F2"	0.000261646335095619	0.000551813130009738	0.474157501636472	0.00616903062378008	0.00838501852753855	0.73572057157887	0.999	1
"NR2F6"	0.000314813450293037	0.000846265144420805	0.372003328234084	0.00671216698452672	0.00898222704645023	0.747272023944147	1	1
"NR3C1"	0.00280654173571569	0.00333976860290529	0.840340176045205	0.0179123919101695	0.0189273832827297	0.946374448205611	0.994	0.981
"NR4A1"	4.12231095506427e-05	9.57064871492974e-05	0.43072429861872	0.00518903698925774	0.00756121103644263	0.686270620440063	1	1
"NRBF2"	3.47058528997015e-05	9.729549335629e-05	0.356705657194325	0.00545087580673164	0.0081862101393191	0.665860723578374	0.999	1
"NRF1"	0.000201646258215244	0.00127398690424031	0.15827969466883	0.00516064190947141	0.00718793864612526	0.717958536311841	1	1
"NRIP1"	0.000282290773110284	0.000652498239894138	0.432630704346549	0.00858460722435922	0.0118638481816977	0.723593819887434	1	1
"NSD1"	8.21158636586202e-05	0.00015798714495249	0.519762944531432	0.00590862527374201	0.00836718393377007	0.706166533508928	1	1
"NUP205"	0.00272482617053647	0.00523936663641989	0.520067855453301	0.00366373899562068	0.00564345541116153	0.649201371977636	0.991	0.981
"NUP62"	0.00441454000051893	0.00599970991660782	0.735792240271321	0.0112996747929709	0.013709288330536	0.824234965414074	1	1
"NXT2"	0.000135653302789634	0.00025965648334308	0.522433721057517	0.00458620207772736	0.00744124136470809	0.61632217703333	0.996	1
"OAT"	0.000111254242664734	0.000155506885248028	0.715429689735519	0.00479345618288397	0.00524327449597057	0.914210420714711	0.927	0.866
"OGT"	0.000602911114763974	0.00112988186422468	0.533605444829129	0.00778260482464232	0.00949485802724612	0.819665212719308	1	1
"ORC4"	0.000327913144617281	0.000615651762572384	0.532627638792356	0.00611844800717329	0.00801776114927194	0.763111783110287	1	1
"OTUB1"	0.00167034189905286	0.00241585881098661	0.691407085321639	0.00721314429317297	0.00910375108345691	0.792326616473565	1	1
"PABPN1"	0.000147364608399488	0.000334179601425947	0.440974277815527	0.004871512291973	0.00675880038756458	0.720765818285746	0.968	0.995
"PAK1"	0.0015580766705329	0.00313684230244788	0.49670226307425	0.00663687699647399	0.00874601400561745	0.758845914517312	1	0.999
"PARP1"	0.00678307208124508	0.00656750183386961	1.03282378183189	0.0496698526345795	0.0416438390440694	1.19272991575096	0.156	0
"PATZ1"	0.00554997437618391	0.0064381316374319	0.862047359192818	0.0135455864805041	0.0152223511413346	0.889848509913986	0.978	1
"PBX1"	0.00642957764704716	0.00903754237236254	0.711429875749106	0.0112304393362447	0.0146400352079887	0.767104667215316	1	1
"PBX2"	0.00632980667058319	0.00834879055043878	0.758170495755282	0.00705800902095367	0.00862263787034372	0.818544061235442	0.996	0.996
"PCBP1"	0.00105439630893996	0.00158562482526909	0.664972124639273	0.00623434545663069	0.00751626258391945	0.829447532869416	1	1
"PCGF2"	0.000557145668202578	0.000810346549606186	0.687540001834204	0.00484003215926647	0.00605751809796229	0.799012414159294	0.704	0.955
"PCGF6"	2.54781465696636e-05	4.23356900285197e-05	0.60181247908089	0.0057833677551296	0.00733200662253066	0.788783760418026	1	1
"PCNA"	8.32907400320931e-05	0.000106115837360128	0.78490395123046	0.00524994403500334	0.00677525859734111	0.77486991228108	0.922	1
"PDGFRB"	7.21578512161155e-05	0.00015850254416026	0.455247274410671	0.00470137953893453	0.00752658151502718	0.624636766312568	0.988	0.999
"PDS5A"	0.000396747807899344	0.000629899856479086	0.629858546272771	0.00462912854070986	0.00614515554350134	0.753297212404213	0.999	1
"PELP1"	0.000241706604547553	0.000404063692562713	0.5981893671628	0.00912921148993692	0.0111292420179488	0.820290499138547	1	1
"PGR"	0.0145591495626881	0.0142858990936687	1.01912728539015	0.0202709497656846	0.0190386148297011	1.06472818253884	0.22	0
"PHB"	0.000159934882955214	0.000265888752845493	0.601510523644267	0.00677543697618221	0.00880683796751435	0.769338212100037	1	1
"PHB2"	0.001315818931508	0.00209442652316225	0.628247836320044	0.00587293399508025	0.00706189305686221	0.831637345367809	0.966	0.994
"PHF1"	0.000979263493405535	0.00117511685700913	0.833332861803994	0.0062090726567088	0.00793752035655122	0.782243367928393	0.934	1
"PHF8"	0.000993045079419475	0.0014061321186833	0.706224590296222	0.0106039440861106	0.0119199575584311	0.889595792110045	1	1
"PIAS1"	0.00635362408348516	0.00639815434444165	0.993040139615391	0.0300164136173747	0.0272580319194367	1.10119518922315	0.559	0
"PIAS2"	0.00031179826018967	0.000301538269424334	1.03402550125702	0.00688398902601383	0.0080313884089478	0.85713561285921	0.419	1
"PIAS3"	0.000802087396750249	0.00117824774760615	0.680745962281577	0.00827798053771572	0.0102019458092149	0.811411929892693	0.991	1
"PIAS4"	0.000436016867002622	0.00067636852626188	0.644643933111995	0.0106973481945619	0.0129521684585586	0.825911755918621	1	1
"PIK3R1"	0.0010706297746709	0.00148547038928976	0.720734511027712	0.00695619022049829	0.00825386402837756	0.842779841851314	0.959	0.988
"PIN1"	0.00548361692846148	0.00489279913575021	1.12075251329946	0.0238289383425421	0.0214059615228517	1.11319168340575	0.002	0
"PKM"	8.60670904316817e-05	0.000131582653684259	0.654091462832213	0.00518739120368221	0.00644476829891257	0.804899565521616	0.964	0.994
"PKNOX1"	3.838036244614e-05	0.00269936806487247	0.0142182768424925	0.00205463344596685	0.009353926682974	0.219654645113554	0.947	0.951
"PLK1"	0.000957279166939715	0.00126002665829007	0.759729296710909	0.0137982136934182	0.014295817105357	0.96519237702388	1	0.916
"PML"	0.00711858799550702	0.00754120298113569	0.943959208274085	0.0376649846309365	0.0343556124130556	1.09632697499589	0.937	0
"PNKP"	0.000369195325337691	0.00081439220647473	0.453338480405935	0.0055461237550839	0.00741485461963055	0.747974712869048	1	1
"PNMA1"	0.000404194519429234	0.00318542530305202	0.126888713743175	0.0043872513032972	0.0111615201110241	0.393069336403737	0.621	0.619
"PNO1"	0.000400917576992855	0.000590273561740404	0.679206393406408	0.00659493222727145	0.00778095589916491	0.847573526021301	1	1
"PNRC2"	0.000108088220833946	0.000420708490832671	0.256919513604341	0.00646332325234147	0.0108369834135742	0.596413504171802	1	1
"POGZ"	0.00221319069425771	0.00382822128216143	0.578125069355483	0.0183647598594324	0.0183441042051662	1.00112601051734	1	0.484
"POLR1A"	5.97867358484788e-05	7.60458899047148e-05	0.786192862275546	0.00655121755464963	0.00749063791717501	0.874587401912537	0.984	0.99
"POLR2A"	0.000481552210361091	0.000678976044318556	0.709232990457556	0.00789334561077544	0.00912586173247507	0.864942494437141	1	1
"POLR2L"	0.000398008853620338	0.00053486743453599	0.744126166450233	0.00683415993974373	0.00828673833661849	0.824710478614255	0.991	1
"POU2F1"	0.0063733726861318	0.00791886478727807	0.804834134353556	0.0207490144447706	0.0194930690365379	1.06443035757369	1	0
"PPARD"	0.000138675933783598	0.00024636182987569	0.562895371631117	0.00477917089030245	0.00536469797717243	0.890855535696234	0.671	0.6
"PPARG"	0.00414892349585731	0.00413270975912191	1.00392327012552	0.0478772438596988	0.0403657908764016	1.18608462314778	0.45	0
"PPIG"	0.00143687012013273	0.00251672666409981	0.570928158639219	0.00886963886761811	0.0115341420083101	0.768989913703829	1	1
"PPM1G"	0.00307470219213271	0.00351124427452151	0.875673109513781	0.00424141881851802	0.00639404195664488	0.663339222244267	0.567	0.944
"PPP1CA"	0.000399641063997239	0.000578648406182005	0.690645752632624	0.00744989123585796	0.0090792493900379	0.820540434105959	0.981	1
"PPP1CB"	0.000156820434629058	0.000376328823775698	0.416711197020953	0.00609008998718684	0.00830767780143683	0.73306766737313	0.994	0.987
"PPP1CC"	0.000250516139162857	0.000431637319419796	0.580385726376948	0.00680240128982865	0.00875686006298033	0.776808266993535	0.998	1
"PPP2CA"	0.000164682044492051	0.000228135977361674	0.721859157843274	0.00671174444393714	0.00781368517325252	0.858972980753371	0.998	1
"PPP2R1A"	0.000273794668917017	0.000381803869524668	0.717108156231842	0.00431654924809825	0.00538066485353547	0.802233435011656	0.706	0.763
"PPP3CA"	0.000123893381709821	0.00029174859491102	0.424658023623412	0.00515981673375886	0.00709987941401492	0.72674709426382	0.964	0.952
"PPP3CB"	7.8907217976294e-05	0.000283476969569691	0.278354951007387	0.00470240284782179	0.00703782557043319	0.66816132351691	0.997	0.985
"PRDM10"	0.000371129570899501	0.000833228157866759	0.445411700739533	0.00373060695721287	0.00673820362438991	0.553650077256406	0.986	1
"PRDX1"	0.000195218420812854	0.000313455368493001	0.62279495084549	0.00618172102411983	0.00777728746094048	0.794842810577082	0.998	1
"PRDX6"	2.34010948840108e-05	8.86910025784854e-05	0.263849705197576	0.00544784317703501	0.00846484222267605	0.643584727715426	0.998	0.998
"PRKAA1"	0.000497213202621603	0.000890554445823429	0.558318702414503	0.00611704210884565	0.00810726236263264	0.754513895718959	0.93	1
"PRKAA2"	0.000764452769881005	0.000978624634376759	0.781150139724257	0.0151768569455748	0.0154515092720622	0.982224886795753	0.994	0.796
"PRKAB2"	0.000696262066331006	0.00116090306485722	0.59975900435463	0.00652018344123333	0.00825888271343215	0.789475243501034	1	1
"PRKCD"	0.00027614530412099	0.000461693647941199	0.598113717510274	0.0128820254825375	0.015208397587697	0.847033713332074	1	1
"PRKCZ"	0.000149364700461677	0.00028373339744176	0.52642622196894	0.00496744491259386	0.00670564238940377	0.740785837378295	0.996	0.995
"PRKDC"	0.000977467101444538	0.00124247315461371	0.786710841851903	0.0132108255873941	0.0142064358041831	0.929918367244808	1	0.994
"PRMT1"	0.000450728450274047	0.000997035148237784	0.452068767154989	0.0086621672325259	0.0106013282175241	0.81708320455613	1	0.999
"PRPF6"	8.31902697666485e-05	0.000124450918730933	0.668458462299572	0.00489487486210895	0.00574380338515077	0.852200977972797	0.978	0.976
"PSEN1"	0.000262479303449161	0.000541601880690322	0.484635140325966	0.00961339899850969	0.0115333948771916	0.833527257227713	1	1
"PSIP1"	0.000208051358153285	0.000374799007086174	0.555101145466613	0.00605097428659945	0.00826522987863638	0.732099938592119	0.998	1
"PSMA1"	0.000487670620722237	0.000586701736783405	0.83120705146689	0.00830892446418656	0.00946663663889053	0.877706072508594	0.967	1
"PSMA3"	0.00438805640205962	0.00549534427779245	0.7985043666495	0.0100185728557287	0.0124783148558891	0.802878671634132	1	1
"PSMA4"	0.000158355128818411	0.000200348916067451	0.790396733492172	0.00633419025158028	0.00651424330284686	0.972360097267493	0.77	0.601
"PSMA5"	0.000237244796261197	0.000489682249856568	0.484487228872781	0.00529301485872989	0.0067730139871745	0.78148588925888	0.999	0.999
"PSMA7"	0.000158355128818411	0.000200348916067451	0.790396733492172	0.00633419025158028	0.00651424330284686	0.972360097267493	0.77	0.601
"PSMC5"	0.00177400106066171	0.00244770271071769	0.724761652178564	0.0139872603576159	0.016131776469167	0.867062619194488	1	1
"PSMD11"	0.000344837406201409	0.000525051048050588	0.656769294112874	0.00735925122923865	0.00895366553346983	0.821926081751538	0.999	1
"PSMD2"	0.000173441777951878	0.000289678301395678	0.598739281182716	0.00784004922846995	0.00926413044083629	0.846280099199706	1	1
"PSMD4"	6.78025341951085e-05	0.000141335045422454	0.479729100397179	0.00615026762516621	0.00772216819475548	0.796443106398948	1	1
"PSME3"	0.000350822022374848	0.000707564299654991	0.495816454484645	0.00654487222223569	0.00830043178168611	0.788497802810228	1	1
"PTEN"	4.21971526653577e-05	8.10547282397871e-05	0.520600754351114	0.00511887591402356	0.00673157379441528	0.760427809358687	0.997	0.993
"PTGER3"	5.97867358484788e-05	7.60458899047148e-05	0.786192862275546	0.00655121755464963	0.00749063791717501	0.874587401912537	0.984	0.99
"PTGES3"	5.70773047879706e-05	8.37536794925299e-05	0.681490116420037	0.00677523774430327	0.00797080020704412	0.850007222401048	0.884	0.88
"PTK2"	4.32466045792904e-05	9.49791229232581e-05	0.455327478800085	0.00533468590227732	0.00758324209284545	0.703483528148262	1	1
"PTPN6"	0.00389927673526434	0.00408955380279696	0.953472413689122	0.00625078856548856	0.00741277311864754	0.843245633643381	0.48	0.673
"RANBP9"	0.000351920063287134	0.000499497350780228	0.704548407989404	0.0101257883442168	0.0118126033704704	0.857202093954126	0.996	0.997
"RANGAP1"	0.000203451156844319	0.000376355583861985	0.540582272638545	0.00517062714357375	0.00704795878440094	0.733634702152027	0.973	0.989
"RARA"	0.00557916444021945	0.0066887253499528	0.834114745085	0.0349887769599466	0.0328104232700172	1.06639212399067	1	0
"RB1"	0.0058122786675455	0.00586284518780002	0.991375088607192	0.0395650199955262	0.0364683201153402	1.08491479372759	0.564	0
"RBBP6"	0.00029208037968294	0.000677786805213851	0.430932525443284	0.00546512222397038	0.00701340059482541	0.779239992080679	0.999	0.995
"RBL2"	0.0001225352888913	0.000259491443659787	0.472213215060582	0.00789150030438178	0.0107192905602816	0.736196137235265	1	1
"RBM14"	9.79700897165471e-05	0.000236315058980295	0.414574044241151	0.00595144846269056	0.00798046626693254	0.745751972832801	1	1
"RBM39"	0.000848450372918729	0.0012543682519523	0.676396561853506	0.00656339835818556	0.0074692913495455	0.878717678964945	0.935	0.985
"RBM48"	0.00029099537179356	0.00170684145618273	0.170487640043826	0.00592115254616224	0.0097097600278678	0.609814509232777	0.997	1
"RBPJ"	0.00473042393044261	0.00620785402098776	0.76200630917702	0.0129591536606718	0.0163134696641451	0.794383655192271	1	1
"RBPMS"	0.00532368047749102	0.00599267533557833	0.888364574981142	0.0080141920140588	0.0104376748193797	0.76781391955024	0.776	1
"RCC1"	0.000221675676446219	0.000476255778498482	0.465455090424537	0.00794541831967551	0.0106379518625732	0.746893614703161	0.999	1
"RCHY1"	4.21971526653577e-05	8.10547282397871e-05	0.520600754351114	0.00511887591402356	0.00673157379441528	0.760427809358687	0.997	0.993
"RECQL"	0.000701510931858049	0.000992527337846907	0.706792553825106	0.0114713574458335	0.012705279952801	0.902881124103412	1	0.997
"RECQL5"	0.000128117878766042	0.000236860239525485	0.540900739705013	0.00637748162486722	0.00802173652022455	0.795025068298889	1	0.999
"REL"	0.000389141130208652	0.000581745672483206	0.668919681942088	0.00994635596285004	0.0119274494794569	0.833904681799831	1	1
"RELA"	0.0222073299820504	0.0212265156820233	1.04620703250217	0.0816390157925356	0.0707412002926101	1.1540518885013	0.044	0
"RFWD2"	0.0021112531912628	0.00305784512680161	0.690438234676421	0.0164631002807402	0.0189492283072488	0.868800566112892	1	1
"RING1"	0.000280449232690727	0.00049049770982957	0.571764611884065	0.0115309863771401	0.0133207291825496	0.865642279721885	1	1
"RNF6"	0.000176530081507939	0.000279647776033036	0.631258664067062	0.00719228575262347	0.00887395296277452	0.810494013524131	1	1
"RNPS1"	0.000292969161891511	0.000592223634035422	0.494693465532968	0.00507427252627339	0.00650605608575499	0.779930646061216	1	1
"RPA2"	0.00101179633587993	0.00165220411967362	0.612391849065114	0.0123477585761423	0.0138691867408764	0.890301558904672	1	1
"RPL11"	0.000652461914868941	0.000735953991285125	0.88655258697573	0.00733062630205654	0.0080770992175872	0.907581559242793	0.83	0.885
"RPL30"	0.000214732423473522	0.000459130860156756	0.467693292061022	0.00627198540833549	0.00821780221247735	0.763219319006307	1	0.999
"RPS3"	9.39790005590745e-05	0.000170863027115118	0.550025374979204	0.00709384836825813	0.00898804269631931	0.78925396862691	1	1
"RPS6KA5"	0.000216719842432782	0.000342522429006982	0.63271722982078	0.00835481277899392	0.00979221558284242	0.853209644774664	1	0.998
"RPS7"	0.000856087106828659	0.0012151914136194	0.704487455419749	0.00598031949557563	0.00745250817336639	0.80245728772871	1	1
"RUNX1"	0.000179873928277753	0.000289171579172836	0.622031835881917	0.00569874746926588	0.00716485958687535	0.795374619721076	0.999	0.999
"RUNX1T1"	0.00168043605272074	0.00206035587446425	0.815604757191618	0.0156205788631732	0.0155219218249079	1.00635598087519	0.995	0.36
"RUNX2"	0.000730466307794975	0.00144815571306712	0.504411439463154	0.00810111645597763	0.0101567347805636	0.797610317784441	1	1
"RUVBL1"	0.000186928133471051	0.000412158053153843	0.453535074810919	0.00575722891145669	0.00781125725140765	0.737042543365115	1	1
"RUVBL2"	0.000356450617028352	0.000540042707418703	0.660041533996664	0.0107002725534427	0.0120974302513958	0.884507893914752	1	1
"RXRA"	0.00266244939621453	0.00271239145840145	0.981587443054274	0.0318806100660538	0.0284601876371953	1.12018270829628	0.666	0
"RXRB"	0.000371583898505086	0.00127316601122271	0.291858167143676	0.0085844016385893	0.0124271761550936	0.690776531325724	1	1
"RYBP"	0.0007308167230173	0.00112372753407041	0.650350463844296	0.0109586340247543	0.0132454667393277	0.827349782413976	1	1
"S100A4"	0.000319541039632468	0.000624067231285617	0.512029832065038	0.0062863416948086	0.00778137666893635	0.807870118908907	1	1
"SAP130"	0.000169885091407557	0.000653334210572398	0.260027851991277	0.00491563302612616	0.00758943787776564	0.647693953794288	0.946	0.959
"SAP30"	0.000119039717660249	0.00039249691289721	0.303288290299047	0.00602850219592489	0.0102502270452068	0.588133528100133	1	1
"SAP30L"	0.000663331232223825	0.00372626478794674	0.178015055282568	0.00399753812584295	0.00787608693737839	0.507553834489994	0.781	0.792
"SART3"	0.000186842970435233	0.000436646998247874	0.427903938845281	0.00523075864035686	0.00696044943819594	0.751497254136021	0.999	0.997
"SATB2"	0.000647385460987233	0.000975603421381653	0.663574406156144	0.0106324967055102	0.012923738693793	0.822710591526954	0.999	0.999
"SCAND1"	0.00630044878426169	0.00849023319219046	0.742081947767585	0.00765354595524931	0.00961388131626246	0.796093243038363	1	1
"SDCBP"	0.000323185968989904	0.000652168619042119	0.495555841776913	0.0072946681632401	0.00941589546654481	0.774718473581026	1	1
"SENP3"	0.000242751016290492	0.000578560636087341	0.419577484448571	0.00665340061743548	0.00933792884677893	0.712513526993786	1	1
"SERTAD1"	0	0.00163928982345022	0	0	0.00718296487235617	0	1	1
"SET"	0.000566480030463575	0.000795754745784858	0.711877665152788	0.0122831385318844	0.014019940273094	0.8761191768739	1	1
"SETD7"	4.32466045792904e-05	9.49791229232581e-05	0.455327478800085	0.00533468590227732	0.00758324209284545	0.703483528148262	1	1
"SETDB1"	0.000139158512371545	0.000236526936320597	0.588341076649828	0.00456870203834029	0.00703233181146598	0.649670999723189	0.974	0.998
"SF3B1"	0.000221437321932385	0.000336159851842419	0.658726259899079	0.00585755063472156	0.00735144997311506	0.796788477938797	1	1
"SFN"	0.000125787585228865	0.00017405547627706	0.722686742867183	0.00620023431208992	0.00780279627396091	0.794616967353233	0.94	0.999
"SFPQ"	0.000158418137314581	0.000229014675034432	0.691737930290988	0.00521443806995003	0.00616726365942095	0.845502699075398	0.795	0.815
"SHMT2"	9.98888847948562e-05	0.000157224824653905	0.63532514674282	0.00397578057531683	0.0056038670386864	0.709470897126922	0.788	0.923
"SIAH1"	0.00119155777259728	0.00148658275441574	0.801541501176361	0.0143640923486827	0.0149292612206709	0.962143547250305	1	0.971
"SIN3A"	0.0124238775921694	0.0116052624177891	1.07053827349267	0.0216143503025954	0.0208969198582356	1.03433187518672	0.059	0.036
"SIN3B"	0.000132810493751903	0.000196585902579358	0.675585034375949	0.00452619580813241	0.00535470742036186	0.845274158382781	0.937	0.948
"SIRT1"	0.00382387768804977	0.00377062915015532	1.01412192389492	0.024054139490129	0.0223767936045963	1.07495917043218	0.379	0
"SIRT6"	0.003088764661118	0.00431215676867404	0.716292293349942	0.00569747847275948	0.00670462542375599	0.849783263442583	0.996	0.999
"SIRT7"	0.000176922026069809	0.000343494231807922	0.515065493643403	0.00618283343073674	0.00749900591110104	0.82448707255772	1	1
"SKI"	0.00040955238856637	0.000889574862868445	0.460391143749008	0.00757721170355859	0.00953167763207285	0.794950479447842	1	1
"SKP2"	0.00130864132795611	0.00157196228861487	0.832489009077452	0.0166473592785036	0.0170971450662146	0.973692345361224	1	0.892
"SLC2A1"	9.98888847948562e-05	0.000157224824653905	0.63532514674282	0.00397578057531683	0.0056038670386864	0.709470897126922	0.788	0.923
"SMAD1"	0.00130788052703542	0.0020121019054802	0.650007101267209	0.00997462103049434	0.0118611481178861	0.840949032198075	0.997	1
"SMAD2"	0.0108562150745387	0.00968671936628469	1.12073186638652	0.0407120761166786	0.0357587131337912	1.13852184681128	0	0
"SMAD3"	0.0268220011121465	0.0259582542333641	1.03327445948473	0.0635158245430119	0.0563371348304648	1.12742376292564	0.179	0
"SMAD4"	0.0104351516621806	0.0106796769619073	0.977103680139503	0.0525924047040804	0.0452062428273848	1.16338809453594	0.709	0
"SMAD7"	0.000185361248325276	0.000387622846930582	0.47820000754102	0.00684349893913873	0.00913315465754429	0.749302863659029	0.999	0.999
"SMARCA1"	0.000272949234043707	0.000394499678885533	0.691887088006743	0.0076709726510156	0.00919688368403501	0.834083904348137	0.998	1
"SMARCA2"	0.000333370413718068	0.00069392962688004	0.480409541262745	0.00904869675845859	0.0112871872960115	0.801678622065223	0.998	0.999
"SMARCA4"	0.00664806722014626	0.00707720804585993	0.939362977189189	0.0433333991286018	0.0383398912086617	1.13024314265169	0.966	0
"SMARCA5"	0.00050897467250943	0.000641745542305903	0.793109790339323	0.00876774197254037	0.0101394712230763	0.864713926361954	0.994	1
"SMARCB1"	0.000217133340026643	0.000367966165308549	0.590090504230385	0.00564064000479649	0.00735412476114079	0.767003577992264	1	1
"SMARCC1"	0.00119376369156453	0.0015997739074589	0.746207752232142	0.0116895328858498	0.0129818299284358	0.900453399119386	1	1
"SMARCC2"	0.000871155452303897	0.00110917894919363	0.785405684932289	0.0143765801644898	0.0149192152639732	0.963628442255017	1	0.923
"SMARCD1"	0.000164339938769984	0.000348826388020126	0.471122439167367	0.00737152823305119	0.0092763545824135	0.794657876384592	1	1
"SMARCE1"	0.00112111238791886	0.00137680368576562	0.814286306399178	0.0158386062538745	0.016036592572668	0.987654090612062	1	0.685
"SMC1A"	0.000312725983077477	0.000823407658688452	0.37979484375406	0.00711399608167575	0.0092719347552869	0.767261231817805	1	1
"SMC3"	0.000242988819375331	0.000527155804139201	0.4609430788154	0.00496665276380869	0.00663105215099875	0.748999201138936	0.999	0.999
"SMURF1"	0.000215067458211385	0.000414273797809862	0.519143279995937	0.00928920084610431	0.0114431975294625	0.811766188793618	1	1
"SMURF2"	6.39794527092644e-05	0.000147380541998874	0.434110580959549	0.00697790516810433	0.00906598240165805	0.769679981601128	1	1
"SMYD3"	0.000376634731785542	0.000938943478311953	0.401126095963371	0.00596169680673712	0.00843854919370845	0.706483622941015	0.999	1
"SNCA"	0.000198294183914765	0.000472110931191356	0.420016082691363	0.0069538273000808	0.00876642307054677	0.793234280860128	1	1
"SNRNP200"	0.000132810493751903	0.000196585902579358	0.675585034375949	0.00452619580813241	0.00535470742036186	0.845274158382781	0.937	0.948
"SNRNP70"	0.000110003674823509	0.000165270341275196	0.665598400624944	0.00510377129909283	0.00607955144424191	0.839498003413844	0.973	0.997
"SNRPB2"	6.73253652745902e-05	8.78663413301509e-05	0.766224748355236	0.00474985719846024	0.00557046180445048	0.852686431610639	0.945	0.956
"SNW1"	0.00113605060402368	0.00153016827288456	0.742435079955017	0.00690171296094927	0.00905901743623862	0.761861096915486	0.892	1
"SORBS3"	8.2169554288567e-05	0.000157410029305484	0.522009649900396	0.00490214142466704	0.00591256166462772	0.829106181504104	0.788	0.683
"SOX9"	7.67879991928319e-05	0.000204518923700203	0.375456695173072	0.00554885415076918	0.00823053079662443	0.674179380149445	1	1
"SP1"	0.0151888309905734	0.0224879559487179	0.675420701873057	0.0543981481481481	0.0552641227103106	0.984330257684503	0.999	0.592
"SP100"	6.32210320717215e-05	0.000170398414600605	0.37101889838532	0.00450566677598372	0.00598261248657116	0.753126963529284	0.983	0.963
"SP4"	6.47347851554998e-05	0.000264262448549691	0.244963995114604	0.00521889784721261	0.00781611179792922	0.667710235234262	1	1
"SPOP"	0.000792587286517734	0.00148890665461813	0.532328392823936	0.00707027424024597	0.00899918851136918	0.785656865762251	1	1
"SPTBN1"	0.000203120642040847	0.000519572508451287	0.390938009107328	0.0103849027080438	0.0135642641860398	0.765607523239763	1	1
"SQSTM1"	0.000192456413923822	0.000317471105175432	0.606217103813184	0.00616502281198486	0.00734032459380927	0.839884222175181	1	0.998
"SRC"	0.000369789709580621	0.000512065013355578	0.72215382800199	0.012834198677108	0.0146290659546013	0.877308142361015	1	0.998
"SREBF1"	0.000732621726528346	0.00155273408127588	0.471826911872992	0.00973081804345129	0.0122615166613386	0.793606395702516	1	1
"SREBF2"	0.000630465570803591	0.000917211244505475	0.687372265201038	0.0162457986980097	0.0176721550058209	0.919287924571654	1	0.999
"SRF"	0.00099923784339852	0.00190804116969268	0.523698261479055	0.0120379220410137	0.0134907768248525	0.892307551840719	1	1
"SRPK1"	0.00397071576089537	0.00479088388839376	0.828806511156469	0.00569795395018986	0.00619206659380363	0.920202304654115	0.966	0.838
"SRPK2"	0.00134173785490581	0.00318139170603787	0.421745568884009	0.0069115626848987	0.00903548678892014	0.764935287534709	0.856	0.811
"SRRM2"	0.00416920980347755	0.00618449687375133	0.674138881235884	0.0068313708115865	0.0081852632900205	0.834593899980631	1	1
"SRSF11"	0.000264462399937825	0.000670882849497082	0.394200567410653	0.00573388937361433	0.00745393192514602	0.769243592669651	0.998	0.994
"STAT1"	0.00166536417499423	0.00215144991016846	0.774065976215932	0.01800558427674	0.0199171966330318	0.904022017178788	0.989	1
"STAT3"	0.00717254534768976	0.00861031552052172	0.833017713531496	0.0381575190997996	0.0344869367373693	1.10643399239495	1	0
"STAT5A"	0.000158039989413343	0.000640004972621479	0.246935564837889	0.00732573046561954	0.0121913114453038	0.600897655554644	1	1
"STAT5B"	8.04822234429244e-05	0.000255166743320595	0.315410317173682	0.00505921217458927	0.00832594180351216	0.607644431583118	0.997	0.997
"STIP1"	6.12977714273706e-05	0.000165740744469692	0.369841294145868	0.00484361963871293	0.0066467815354258	0.728716539410475	0.99	0.995
"STK19"	0.000125391383373444	0.000294080378699301	0.42638473171193	0.00613326247768791	0.00762742694600196	0.804106354752143	1	1
"STK40"	8.89703468060854e-05	0.000196054352022838	0.453804498028798	0.00500183599546064	0.00637466562790714	0.784642879708623	0.926	0.932
"STUB1"	0.00380781178762013	0.00498029294282515	0.76457586558354	0.0202892174522721	0.0218744108600892	0.927532063928207	0.999	0.995
"SUFU"	0.00426029052630843	0.00639554259651182	0.666134336847671	0.00736943242280891	0.00927453515679972	0.794587793158123	1	1
"SUMO1"	0.00698538697613083	0.00862472406809974	0.809925850493893	0.0364559485996436	0.0355970577576772	1.02412814137093	1	0.184
"SUV39H1"	0.00602736470632146	0.00779443221562602	0.773291054380844	0.00560144573058868	0.00743758530561362	0.75312692230379	0.98	0.999
"SUZ12"	0.000609028411308862	0.000803384347815422	0.758078512439213	0.00925906028145354	0.0105027216100643	0.881586756767981	1	1
"TADA3"	0.000454156347280449	0.00153807848793656	0.295275144176635	0.00758850376162245	0.00967202582906916	0.784582660936997	1	1
"TAF1"	0.000211444453191391	0.000339494955337451	0.622820604156606	0.00717900184473711	0.00872462337713775	0.822843753181273	0.998	0.999
"TAF12"	0.000453226978670979	0.000532260547512278	0.851513381537121	0.00526379397246573	0.00490180950396167	1.07384711058467	0.715	0.272
"TBK1"	0.00028729993904528	0.000729740864105343	0.393701316696177	0.00730000341796739	0.0108558494751043	0.672448842875766	1	1
"TBP"	0.00556986023619326	0.0061179752657463	0.910409080497291	0.0319853640488015	0.0293134883262204	1.09114833734036	0.987	0
"TCEA2"	0.0008313744580895	0.00137132688769404	0.60625549280048	0.00781863610975195	0.00976383707700498	0.800774946170065	1	1
"TCF12"	0.000684765801249746	0.000950727479866914	0.720254558483575	0.0109763947039705	0.0128416424133143	0.854750066283588	1	1
"TCF3"	6.52675219192952e-05	0.000169490453240209	0.385080815299934	0.00519629796718688	0.00764626511452174	0.679586424137727	0.991	0.989
"TCF4"	0.000127851230991979	0.000281191720916149	0.454676370184114	0.00624396225261415	0.00852121652471266	0.732754793227685	1	1
"TCF7L2"	8.67232979994494e-05	0.000252197948635612	0.343869957977935	0.00517387000313406	0.00752770741429879	0.687310188664659	1	1
"TDG"	0.00028821373929139	0.000472995786823141	0.609336800285617	0.00803757928112966	0.0101617839967735	0.790961437842185	1	1
"TEAD1"	0.000251108205948562	0.000511573333064274	0.490854760635095	0.0089958291861857	0.0125251220749089	0.718222874985523	1	1
"TEAD2"	0.00568735562859716	0.00830341289679821	0.684941926805808	0.0157070767840588	0.0191523466316659	0.820112390723403	1	1
"TFAP2A"	0.000230825090243051	0.00067588727443894	0.341514182871191	0.00926095578051923	0.0125030049459529	0.740698401748368	1	1
"TFAP2C"	0.000153279472767921	0.000273095780044527	0.561266354034947	0.00573100312399624	0.00878644309308928	0.652255191694554	0.974	1
"TFAP4"	0.000198066282065107	0.000435062860752497	0.455258998027379	0.00834371104223284	0.0113506272145504	0.735088104341674	1	1
"TFCP2"	0.000468922364253574	0.000991563380415715	0.47291214411022	0.00647284144655867	0.00838770371876499	0.771706019142952	1	1
"TFDP1"	0.000690135660355205	0.00102558898021043	0.67291641551531	0.0102321452275043	0.0123558714897168	0.828120075222539	1	1
"TFDP2"	0.000112290010392603	0.000227223120414011	0.49418391133792	0.0097842341814737	0.0125690154141373	0.778440781484655	1	1
"TFE3"	0.00264538771849472	0.00421920926883766	0.626986610508537	0.00504708097928437	0.00456750939400638	1.10499629971364	0.654	0.36
"TFEB"	0.000101501355353459	0.000535033932295519	0.189710127202541	0.00503043910907252	0.00716784998936987	0.701805857618784	0.815	0.783
"TFIP11"	0.000321678326666412	0.000510157054292347	0.63054764010393	0.0060356135001411	0.00721782591782929	0.836209347364846	0.97	0.98
"TGFB1I1"	5.70773047879706e-05	8.37536794925299e-05	0.681490116420037	0.00677523774430327	0.00797080020704412	0.850007222401048	0.884	0.88
"TLE1"	0.00302606396485585	0.00353113426651318	0.856966554218268	0.0130185051826859	0.0140343718474273	0.927615808118436	0.966	0.997
"TLE4"	2.84189998672172e-05	0.000261487621603079	0.108682008322196	0.0043859649122807	0.0080867424661629	0.542364855890089	0.885	0.849
"TMF1"	0.000191121050245617	0.000445465339822061	0.42903685912345	0.00666939401613199	0.00923802155993623	0.721950470981368	0.999	1
"TOLLIP"	0.000319049715546474	0.000491920560641855	0.648579752653923	0.00565789821670322	0.00692218173303038	0.817357653253393	0.907	0.961
"TOP1"	0.000733699758691496	0.00045012227347924	1.63000100621623	0.00487702249638836	0.00634206798382292	0.768995619225222	0.208	0.993
"TOP2A"	4.23970831287681e-05	6.00443470499769e-05	0.706096164114827	0.00491154171146404	0.00623951194211118	0.787167611350414	0.936	0.986
"TOP2B"	7.54628009881396e-05	0.000174434081398078	0.432615004953792	0.00529832251158706	0.00776816049222033	0.682056262469505	1	1
"TOPORS"	0	0.00252161532879656	0	0	0.00592689892286583	0	1	1
"TOX4"	0.00507391824434375	0.00761271317734169	0.66650589955834	0.00567122862319318	0.0075383505868761	0.752316910421561	1	1
"TP53"	0.0378501997648965	0.0416933529514878	0.90782335997148	0.089929011947151	0.0830791463925272	1.08244987884517	1	0
"TP53BP2"	0.000367835874465034	0.000586465798678381	0.627207716620413	0.0055192750725378	0.00665834199039204	0.828926342399068	0.987	0.969
"TP73"	0.000278825766654759	0.000512511822492285	0.544037726386217	0.00862061658856525	0.010739013252529	0.802738239152015	1	1
"TPI1"	0.000123747565509581	0.000288034991915903	0.429626847371763	0.0072894364771648	0.0091909924912514	0.793106564291438	1	1
"TRAF6"	0.000161916741443273	0.000318639986892873	0.508149473084523	0.00622527876421718	0.00861874370571881	0.722295380484108	1	1
"TRIB1"	8.30575871737163e-05	0.000249739668243256	0.332576669769638	0.00500094722896764	0.00792603083470591	0.630952280310325	0.984	0.984
"TRIB3"	8.50248532500651e-05	0.000175990984472399	0.483120504751764	0.00543176284717154	0.0063306065355103	0.858016181657024	0.698	0.612
"TRIM21"	0.000217437822434709	0.000326436894273214	0.666094507849113	0.00631408661568751	0.00755175423332768	0.836108594188877	0.994	0.991
"TRIM23"	0.000264400459573708	0.0021334967904233	0.123928219981643	0.00610422092126869	0.0102818309890609	0.593690066269626	1	1
"TRIM24"	0.000304635072283264	0.000507931857187318	0.599755790019129	0.00774433774679782	0.0101012485095694	0.766671341612995	1	1
"TRIM26"	0.00027101203879991	0.000534822448363605	0.506732729018995	0.00603335804806964	0.008107667888064	0.744154562244942	0.994	1
"TRIM27"	0.00111605750552017	0.00172863247454237	0.64563030138354	0.00768714338805616	0.00968821755654707	0.793452804211789	0.998	1
"TRIM28"	0.0081231366285011	0.00813474374745935	0.998573142643629	0.0266338862197855	0.0265434449548983	1.00340729189602	0.497	0.451
"TRIM33"	0.000506293774961217	0.00103052658734048	0.491296179235731	0.00735988180181978	0.00988845739119025	0.744290187100042	1	1
"TRIP12"	0.000406118895722198	0.000592448891536048	0.685491865246385	0.00453063480230796	0.00538042405051916	0.842059057012578	0.983	0.974
"TRIP4"	0.000309189042535849	0.000625623187623542	0.494209691476298	0.00929996197381515	0.0120903597896669	0.769204732994252	1	1
"TRIP6"	0.000622778542999114	0.00207353763048826	0.300345908288372	0.00674432644979268	0.00995138337072891	0.677727527775737	1	1
"TRRAP"	0.000410623540249055	0.000542298464720437	0.757191043239884	0.0102344335940188	0.0116567595253	0.877982733692483	1	1
"TSC22D3"	0.000209974644984172	0.000377792376325939	0.55579375906468	0.00868293428161685	0.0107809542656275	0.805395706881005	1	1
"TSG101"	7.79734426528523e-05	0.000141445908464889	0.551259796052761	0.00637907189698409	0.0079777919340269	0.799603693570404	0.989	0.978
"TUBA1A"	0.000112569484494966	0.000143038275451471	0.786988546524791	0.00546983483497175	0.00586846793444905	0.932072032440146	0.841	0.771
"TUBB"	8.48639851456606e-05	0.000131275683567213	0.646456242615641	0.00576088178158856	0.00801880905267293	0.718421120112378	0.996	1
"TWIST1"	0.00386675289568994	0.00424151032955471	0.911645285582952	0.0173362099558428	0.0176204839180085	0.983866847046397	0.893	0.718
"TXN"	0.000201536842870014	0.000321424091337498	0.627012250486224	0.00817254302925645	0.00954850180519361	0.855897940429906	1	1
"TXN2"	0.000495898687178949	0.00122386985741678	0.405189068244267	0.00569083285431915	0.00724794239003729	0.785165299070468	1	1
"TXNL4B"	0.000163693497392881	0.000169729503339376	0.964437497148475	0.00745503102873229	0.008376990463881	0.88994144864747	0.621	0.997
"U2AF2"	0.00067531567686067	0.00147904428710387	0.456589219639266	0.00678533673441826	0.00866238764259373	0.783310215887148	0.997	1
"UBA52"	0.00169289555136299	0.001651703442692	1.02493916741122	0.0203630075032849	0.0192116200858449	1.05993182315157	0.246	0
"UBE2I"	0.0193693770664607	0.0178865810041125	1.08289991597652	0.0634874530488942	0.0551152985736715	1.15190255141287	0.012	0
"UBE2K"	0.000158728692451502	0.000277573226244364	0.571844390754616	0.0049487440453786	0.00657996887421706	0.752092318364871	0.989	0.996
"UBE2Z"	0.000278145823823083	0.000488687334335894	0.569169291446998	0.00415295082842867	0.00596711253165364	0.695973271226005	0.816	0.907
"UBE3A"	0.000459334868382473	0.000659032108315976	0.69698405068034	0.00777705418669354	0.0100183041160023	0.776284498518189	0.991	1
"UBP1"	0.00027442833223467	0.00159829243227241	0.171700952024465	0.00500004518882119	0.0113584546140124	0.440204707307001	0.974	0.988
"UBR5"	0.000137425596994625	0.000350355119090623	0.392246579274553	0.00495512060957809	0.00686265361953955	0.722041484866688	1	0.994
"UBTF"	0.000174099082635332	0.000287913260363865	0.604692824551762	0.00566043297836785	0.00705970743567044	0.801794271214058	1	1
"UCHL5"	0.000563040265404119	0.000963551810549628	0.584338339920663	0.00628042909682605	0.00637215925636249	0.985604540651609	0.941	0.431
"USF2"	0.000214739134542838	0.000614965630343095	0.349188839095013	0.00557828159623388	0.00722074858415094	0.772535081539584	1	0.972
"USP10"	4.21971526653577e-05	8.10547282397871e-05	0.520600754351114	0.00511887591402356	0.00673157379441528	0.760427809358687	0.997	0.993
"USP11"	0.000656353334133688	0.00103117040113611	0.636512969544644	0.00909480246413413	0.0111484750175826	0.815788926269325	1	1
"USP22"	0.000237025679903128	0.000234746904730534	1.00970737047719	0.00376630411820161	0.00354003881761279	1.06391605071195	0.449	0.359
"USP28"	0.000116106788096787	0.000194749359519638	0.596185724991199	0.00406712698581407	0.00537463598478815	0.756726036391166	0.995	0.994
"USP47"	0.000186448162258746	0.000307767205437845	0.6058090627086	0.00711931713834445	0.00920473662258028	0.773440613268601	0.992	0.989
"USP7"	0.00216626375888179	0.00226650404196	0.955773172594243	0.0162034362389498	0.0159180852740691	1.01792621159942	0.808	0.239
"UTP23"	0.000240947377240941	0.000410348184743271	0.587177880149967	0.00669371006239691	0.00803344746874565	0.833230078174902	1	0.994
"UXT"	6.35223654825644e-05	0.000121654373311835	0.522154393247651	0.00551596831371726	0.00728510419197603	0.757157093208448	0.982	0.995
"VDR"	0.00011878258634234	0.000246705513091426	0.481475200346739	0.00721275659718129	0.00992648452832724	0.726617421968294	1	1
"VHL"	0.000373880579928076	0.000613310851232957	0.609610247685089	0.012897724722811	0.0147514225357955	0.874337691264258	1	1
"VRK1"	8.48639851456606e-05	0.000131275683567213	0.646456242615641	0.00576088178158856	0.00801880905267293	0.718421120112378	0.996	1
"VRK2"	0.000177822019488578	0.000437219349909867	0.406711229787145	0.00362056716787569	0.00529153111850154	0.68421919606909	0.795	0.78
"WDFY3"	0.00018468055421991	0.00062863780831557	0.293778948349862	0.00514786947330579	0.00793181403294333	0.649015402015864	0.999	0.997
"WDR5"	0.00350288744103628	0.00450321393316084	0.77786387522957	0.0113290270856088	0.0134714540133261	0.840965427666677	1	1
"WDR77"	8.31902697666485e-05	0.000124450918730933	0.668458462299572	0.00489487486210895	0.00574380338515077	0.852200977972797	0.978	0.976
"WWP1"	0.000320987201104298	0.000443827873067211	0.723224521447956	0.0134921916831467	0.0147847820059699	0.912572919756187	1	1
"WWTR1"	0.000554388928117895	0.000875343628761501	0.63333862257304	0.00735728824082328	0.00946776801043205	0.777087929564462	0.767	0.76
"XBP1"	0.000179907834609306	0.000680001420092068	0.264569792493885	0.00407035943322787	0.00594482802079631	0.684689181754099	0.88	0.848
"XIAP"	8.17595602107556e-05	0.000251481240780552	0.325111964443109	0.00524870220158164	0.00727069718386894	0.721898061334011	1	1
"XPO1"	0.000381276902793759	0.000588526434832545	0.64785008833502	0.0114213432520019	0.0133709301624516	0.854192125247605	1	1
"XRCC1"	0.000215982326718219	0.000402528617974111	0.536563903965979	0.00710500110363074	0.00868860042104519	0.81773827306194	1	1
"XRCC5"	0.011224818098557	0.0108716452414603	1.03248568632003	0.0252655143800156	0.0248015620202768	1.01870657821308	0.189	0.169
"XRCC6"	0.00626009073277735	0.00759775165727149	0.823939898954985	0.0238456055589297	0.0249887133920119	0.954255034456971	1	0.981
"YAF2"	0.000292432010896922	0.0005607693172185	0.521483615308035	0.00890872317978484	0.0113503974814204	0.784882044383703	1	1
"YAP1"	0.00249344072931544	0.00347146117518395	0.718268361213436	0.0143849037786056	0.0167025782455588	0.861238520611667	1	1
"YBX1"	0.000867094089834406	0.00128205433527209	0.67633177937843	0.0128225900429666	0.0141000272692645	0.909401790372242	1	1
"YEATS4"	0.000229943111755794	0.000467705542361613	0.491640767382675	0.00605033351508026	0.00797103907545796	0.759039500095871	0.999	0.999
"YWHAB"	0.000190059527386	0.000296484687158044	0.641043317305244	0.00567548238579038	0.00718508774138652	0.789897436199599	0.998	1
"YWHAZ"	0.000254654631448422	0.000590258462905248	0.431429022118572	0.00703960377327852	0.0105437327806569	0.667657642670261	1	1
"YY1"	0.00153014894944524	0.00206127852149586	0.74233003133163	0.0195112286386624	0.0208296716235903	0.936703611619363	1	0.994
"ZBTB10"	8.05920543559798e-05	0.000141424247586786	0.56986023069717	0.00547970463998822	0.00742330210923251	0.738176159255731	0.996	0.995
"ZBTB16"	0.000875689806093808	0.00176905602297858	0.495003999149444	0.0115081177301041	0.0146313577249587	0.786537923987268	1	1
"ZBTB17"	0.00086601775427186	0.00117232864723674	0.738715850980116	0.0108934349599219	0.0124018474755084	0.878371950746426	1	1
"ZBTB24"	0.00025217664085318	0.000506952390433958	0.497436535682007	0.00483260214140946	0.00619602968713156	0.779951418155115	0.994	0.997
"ZBTB33"	0.000163830477752113	0.000511046368420067	0.320578499087285	0.00418704091120982	0.00771219433313659	0.542911748634182	0.999	1
"ZBTB7A"	8.31610241441561e-05	0.000201007597510249	0.413720800478279	0.0052444014780197	0.00801548889817798	0.654283418596191	0.999	1
"ZBTB7C"	7.62976723942409e-05	0.000199426214315993	0.382585973744386	0.00499981528834175	0.00748066146627057	0.668365399354768	0.999	0.998
"ZEB2"	0.000368615191081982	0.000629033815755515	0.586002185970319	0.00506767804799683	0.00637969913225109	0.794344363730002	0.725	0.631
"ZHX1"	0.00018895142550618	0.000309225045376472	0.611048258643272	0.00609968902395998	0.00724660984957351	0.841730015907917	0.986	0.978
"ZMAT2"	6.73253652745902e-05	8.78663413301509e-05	0.766224748355236	0.00474985719846024	0.00557046180445048	0.852686431610639	0.945	0.956
"ZMIZ1"	4.21971526653577e-05	8.10547282397871e-05	0.520600754351114	0.00511887591402356	0.00673157379441528	0.760427809358687	0.997	0.993
"ZMYND11"	2.40753468313514e-05	6.22530390427637e-05	0.386733679215456	0.00483888714363075	0.00648520898039212	0.746142053133678	0.988	0.974
"ZMYND8"	8.48920572587399e-05	0.000171090675126367	0.496181672063887	0.00617419214576565	0.00784461034366988	0.787061673591964	1	1
"ZNF281"	0.000105866289954763	0.000175145706092758	0.604446961998008	0.00503894523772953	0.00635612404322934	0.792770122712931	1	1
"ZNF451"	8.84157180719569e-05	0.000183475883447377	0.481892859217738	0.00523773509658215	0.00693835524731482	0.754895780035071	0.999	1
"ZNF587"	0.000503820809379041	0.000761669004158033	0.661469492166058	0.00506900450934247	0.00735408549462404	0.689277342920204	0.895	0.988
"ZNF688"	0.000249905679379542	0.000373507607053607	0.669077883984501	0.00662953081657442	0.00824801875015389	0.803772520091656	0.945	1
"ZSCAN32"	0.00396992949210679	0.00682482543154045	0.581689529194408	0.00460251615417681	0.00686293111547385	0.670634176088336	0.983	0.977
