"all_genes"	"mean_bet_in"	"mean_bet_out"	"ratio_bet"	"mean_deg_in"	"mean_deg_out"	"ratio_deg"	"pvalue_ratio"	"pvalue_degree"
"ABL1"	0.00113678734390931	0.000564468227982817	2.0139084673937	0.0138081793106268	0.00870925731322233	1.58546002420474	0.005	0
"ACLY"	0.0072202166064982	0.00142939964651255	5.05122316499386	0.0072202166064982	0.00560369359443248	1.28847455429608	0.073	0.15
"ACTB"	0.000361403980007621	0.000253950075524054	1.42313003554665	0.0072463768115942	0.00709900178667622	1.02075996447762	0.129	0.398
"ACTL6A"	0.00113468971188396	0.000791491304733372	1.43360982628382	0.0136542382383125	0.0106765330319679	1.2789018867294	0	0
"ACTN4"	0.000397701596751034	0.000446906623494452	0.889898640663069	0.0152060356461446	0.0144734284303718	1.05061739305909	0.583	0.243
"ACTR5"	0.00274953909749745	0.00106773357095108	2.57511721304063	0.020666191928936	0.0153132460177105	1.34956311059291	0	0
"ADNP"	0	0.000476459801905202	0	0	0.00599715485686348	0	1	1
"AES"	0.00698076084452511	0.00486019401803382	1.4363132044982	0.0158195220790096	0.0142165321275552	1.11275534265824	0.002	0.002
"AGTRAP"	0.0157927286217385	0.00862595630141048	1.83083800449536	0.0144627852974386	0.0077892528379432	1.85676156601145	0	0
"AHCY"	0	0.000342929236214494	0	0	0.0064693903187973	0	1	1
"AKAP8L"	0	6.19888763112838e-05	0	0	0.00525527564429229	0	1	1
"AKT1"	0.00143275556951856	0.00157609181087267	0.909055906283313	0.0156303102722661	0.0183157764976061	0.85337961370674	0.716	0.999
"ANKRA2"	0.00416780050731973	0.00153348530534592	2.71786139246999	0.0122784130151178	0.00607119234957293	2.0224055355422	0.019	0
"ANKRD17"	0.000889794783200391	0.000150810230337221	5.90009564477659	0.00998478975516413	0.00655256393240727	1.52379890652909	0	0
"ANKRD28"	0.00116499509003366	0.000500722712738947	2.32662721381491	0.0144927536231884	0.00955053642595888	1.51748058714234	0.028	0.039
"ANXA1"	0.00531386887716106	0.0027989939049969	1.8984924789134	0.0140286808586443	0.00633584647132194	2.214176262342	0.017	0
"APEX1"	0.000141146570132892	8.6735727259179e-05	1.62731753791751	0.0117066852810564	0.00719943924699945	1.62605515227251	0.012	0
"APLP2"	0	4.16314514785802e-05	0	0	0.00630090046206489	0	1	1
"APP"	0.0294176730002361	0.0210099834413734	1.40017592504648	0.0311204192108199	0.031151566607943	0.999000133845107	0	0.489
"APPBP2"	0.010765245512664	0.00281551570709701	3.8235430495125	0.0151850000169469	0.00804559190208205	1.88736890980231	0	0
"APPL1"	0.00132857869629413	0.000484712069575452	2.74096474935688	0.0117433400391109	0.00697340826215564	1.68401728360599	0	0
"AQP1"	0.000711938316816487	0.000418531810628583	1.7010375286582	0.0120629586737518	0.00816857330010823	1.47675221003305	0.003	0
"AR"	0.0129653267669089	0.0107088236812551	1.21071437468932	0.0327275197650183	0.0339168267329858	0.96493460377852	0.001	0.935
"ARID2"	0.000372350723008153	0.000121205300410716	3.07206633494084	0.0154138581021693	0.0077123867294598	1.99858469794978	0	0
"ARID4B"	0	0.000231824099908303	0	0	0.00784452893389381	0	1	1
"ARIH2"	0.000744358711899492	0.000259939174486595	2.86358804273989	0.0118343195266272	0.00634478987387172	1.86520275089988	0	0
"ARL6IP4"	0.00141324567490864	0.000716939000714733	1.97122164298461	0.0118336190098657	0.00699367660017402	1.69204549858243	0.002	0
"ARNT"	0.00335569233043231	0.000710921230039516	4.72020272941602	0.012098617726837	0.00792496360948441	1.52664647095132	0	0
"ARNT2"	0	0.000105554887626582	0	0	0.00539346067164725	0	1	1
"ARNTL"	0	0.00322160436185631	0	0	0.00622980368288574	0	1	1
"ARRB1"	0.00606438870673062	0.00502601868665494	1.20659891751552	0.0109561716716188	0.0106265603820134	1.03101768378067	0.108	0.329
"ASAP3"	0.000561451956998837	0.000303579341593895	1.84944059121751	0.00778210116731518	0.00545472284408019	1.42667214994448	0.051	0.074
"ATAD2"	0.000413601483971239	0.000465678978712712	0.888168680309702	0.0141923579245249	0.0106742013460758	1.32959436161869	0.742	0
"ATF1"	0.000907463755145874	0.000677366776561903	1.3396933338713	0.0132450331125828	0.00874759558211957	1.51413413986081	0.184	0.051
"ATF2"	0.00194412342829221	0.00268953746672537	0.722846754263388	0.0131357578309101	0.019938216681865	0.658823105421353	0.97	1
"ATF3"	0.0025088751756611	0.00297229606492395	0.844086565018981	0.0211632005427802	0.0252528628642851	0.838051537226345	0.888	1
"ATF4"	0.00153966893709517	0.000768565042328731	2.00330336705143	0.0155147891610684	0.0131066423125851	1.1837348415445	0.005	0.021
"ATF6"	0.000684126541540323	0.000499556637442646	1.36946742423949	0.0120198743063274	0.0101252273973154	1.18712141808434	0.1	0.012
"ATF7"	0.00246270721692647	0.0019425557906504	1.26776653148372	0.0226664242808611	0.0207000117301575	1.09499572156468	0.176	0.171
"ATF7IP"	0.000714182996102823	0.00026605250912965	2.68436857986855	0.0149851647024279	0.0107848596219687	1.38946312030832	0	0
"ATM"	0.00114597444953434	0.00106482630323428	1.07620787170037	0.0125499255890122	0.0126792773614597	0.989798174709807	0.173	0.597
"ATP2A2"	0	0.000145118940979649	0	0	0.00513768334266385	0	1	1
"ATP5O"	0.0027800022955468	0.000989276863954561	2.81013576364654	0.0107610221894797	0.00636177268618568	1.69151315526359	0	0
"ATR"	0.00075755289565636	0.000437387982715283	1.73199293440462	0.0095368230492078	0.00875136913168458	1.08975211829192	0	0.05
"ATXN1"	0.0130462557896886	0.00687120870463908	1.89868425636387	0.0198958746682301	0.0209335929185085	0.950428086840224	0	0.971
"ATXN3"	0	0.000187017285240455	0	0	0.00527948002549634	0	1	1
"AURKA"	0.00199119247517926	0.00297904738878522	0.668399060275177	0.0214005633801513	0.0221341348019822	0.966857912974975	1	0.933
"AXIN1"	0.0026870151721571	0.00154037691388401	1.74438810912965	0.0125973582018089	0.00700348823388427	1.79872626055975	0	0
"BACH1"	0.00391101710265512	0.00686051355005004	0.570076434383923	0.0169595186319184	0.0166256089437137	1.02008405763273	1	0.388
"BAG1"	0	0.000181802755540796	0	0	0.00921193798004349	0	1	1
"BAG5"	0.00256588025610756	0.00101688201370474	2.52328217190061	0.0113464176077637	0.00684918547767922	1.65660831419159	0	0
"BANP"	0.0096499971678809	0.00851771238695234	1.13293296715008	0.0208062286720461	0.0190848059604387	1.09019859647386	0.007	0
"BAP1"	0.000740487173930437	0.000288989874484522	2.56232913091249	0.0142217966160412	0.0103534265290588	1.37363186729776	0	0
"BAZ1A"	0.00157241450972739	0.000550411585372903	2.85679762474854	0.0138989396509654	0.00878798753584356	1.5815839057891	0	0
"BCL11B"	0.0113166761673323	0.00573600224808175	1.97292045537759	0.0176452330989642	0.0122225276628785	1.44366481186663	0	0
"BCL2"	0	0.000191007456470857	0	0	0.00613717868438861	0	1	1
"BCL3"	0.00114994525220214	0.000501419801821703	2.29337821925717	0.0131962274991569	0.0103802374954486	1.27128377408927	0	0
"BCL6"	0.00133042714123673	0.000762019073853461	1.74592367420527	0.0149528582569825	0.0112505684799315	1.3290757959169	0.001	0
"BCOR"	0.00160782574449617	0.00070884926911009	2.26821951374046	0.0192963858070751	0.0146727333529655	1.31511868599283	0	0
"BHLHE40"	0.00459511007856941	0.00389706127600988	1.179121844159	0.013988677096114	0.011284942193313	1.23958783806648	0.086	0
"BHLHE41"	0	0.000221840029689373	0	0	0.00586995687703262	0	1	1
"BIN1"	0	0.000289881553690315	0	0	0.00471715229205967	0	1	1
"BIRC2"	0.000407105313669825	0.000165474553744255	2.46022910748571	0.0122040154318824	0.00814752119760208	1.49788078311158	0	0
"BIRC3"	0.00133283595742462	0.00057347043264307	2.32415811096259	0.0154231725547752	0.0136813767120261	1.12731144528884	0	0.003
"BLZF1"	0	0.00109132960827547	0	0	0.00737466919819621	0	1	1
"BPTF"	0.00150267266244459	0.000605152474800201	2.48313065717978	0.0104954505421231	0.00665986356951932	1.57592575772249	0.072	0
"BRCA1"	0.00370103622075179	0.00280583337430276	1.31905060886642	0.0217329461251762	0.0242934142368183	0.894602377142958	0	1
"BRD4"	0.000163689523804121	0.000128542452742292	1.273427729999	0.0102564102564103	0.00680694658050698	1.5067563899769	0.218	0
"BRD7"	0.000409904416431743	0.000271884405596934	1.50764224793173	0.0102675102675103	0.00701383159394333	1.4638946102408	0.042	0.002
"BRMS1"	0	0.000602148373842912	0	0	0.00878742352420361	0	1	1
"BTRC"	0.00513698788370436	0.00623290985284933	0.824171695882305	0.0262707509571139	0.0309734733181389	0.84816935728448	1	1
"BYSL"	0.000566097215964148	0.000202359206909445	2.79748682854581	0.0125653769818428	0.00688531069487618	1.82495424515753	0	0
"C1orf109"	0.00029325416270789	0.00015525445873469	1.88886145427246	0.0110940600476672	0.00741970300439957	1.49521618871927	0.175	0
"CALCOCO2"	0.00194113308967128	0.000849178574219412	2.28589503857375	0.00990502916592168	0.00683150539018983	1.44990431832865	0.045	0
"CALM1"	0	0.000123122485602194	0	0	0.00658842180188263	0	1	1
"CALR"	0.00146741414090395	0.000809732811646191	1.81222017904979	0.0111156500906045	0.00835378230895319	1.33061285050381	0	0
"CARM1"	0.000221761440685425	0.000149986998661568	1.47853775770131	0.0115847426603897	0.00958402301701808	1.20875572187369	0.001	0
"CBL"	0.0142632836285594	0.00386580764219115	3.68959993582995	0.0120614719699505	0.00677703817665704	1.7797556477541	0	0
"CBX5"	0.0206450000888719	0.0175871581005604	1.1738678853529	0.0201134540919421	0.0145629201766707	1.38114154633375	0	0
"CCNA2"	0.000615263814588431	0.000126359272615966	4.86916236419274	0.0177851736913241	0.00925007787676597	1.92270529267611	0	0
"CCND1"	0.0035727731503911	0.00128046379039063	2.79021802662704	0.0119231309721523	0.0100408690242436	1.18746006380165	0	0
"CCND3"	0.000291627601797404	0.000206314514150833	1.41350986864744	0.0115227318504833	0.00990730572167031	1.16305403044942	0.018	0.004
"CCNDBP1"	0.00899551201115477	0.00446802111633882	2.01331009342361	0.013045827971163	0.00672637688842767	1.93950297278281	0	0
"CCNG1"	0.00105088511758662	0.000512510917846869	2.05046386524122	0.0133132248832746	0.00750089062398015	1.77488588364595	0.028	0
"CCNH"	0	0.000181193504341465	0	0	0.00837777741656779	0	1	1
"CCNK"	0.00105898469408024	0.000379517309533372	2.79034623053767	0.0104787206124908	0.00506202997083225	2.07006293381704	0.066	0.001
"CCT4"	0	0.000145294044227761	0	0	0.00634970196847182	0	1	1
"CCT5"	0	0.000145294044227761	0	0	0.00634970196847182	0	1	1
"CDC25A"	0	0.000162618108879688	0	0	0.00584993810064769	0	1	1
"CDC27"	0.00192085859681194	0.0011838417509175	1.62256365373432	0.0104424520996272	0.00920747377063294	1.13412781396491	0.032	0.072
"CDC5L"	0.00100765146100173	0.000547230591043207	1.84136537228449	0.0121395897697594	0.00732116321588362	1.65815040749563	0.015	0
"CDC73"	0.00128259498249397	0.00128310105063424	0.999605589801347	0.0121183189241666	0.00877785989357542	1.38055506365921	0.442	0
"CDK2"	0.00391868518015992	0.0029996888810814	1.30636387155832	0.0244161335874656	0.0202093387335274	1.20816093536792	0	0
"CDK4"	0.00251247286112125	0.00153263737603167	1.63931331730052	0.0114235987703745	0.00908948159836165	1.25679321166496	0	0
"CDK5"	0.000196224431926224	6.89824247505197e-05	2.84455689454067	0.0140845070422535	0.00633725387854505	2.22249373501305	0	0
"CDK6"	0.00808440345815698	0.00734611588229359	1.10050039880842	0.0203064048584432	0.020828258508353	0.974944921597718	0.049	0.87
"CDK7"	0	7.52674297499784e-05	0	0	0.00649138474839949	0	1	1
"CDK8"	0.002743728569809	0.00127458764996233	2.15264016553909	0.0122702955640646	0.00792119390239067	1.54904623157392	0.011	0
"CDK9"	0.000377562135535711	0.000386754510263092	0.976232016735557	0.0118637578269076	0.0121484898708977	0.976562350792901	0.654	0.766
"CDKN1A"	0.00127718072915172	0.000610143567619413	2.09324624061003	0.0123510188850469	0.0101607430108036	1.2155625697761	0	0
"CDKN1B"	0.00110120093649993	0.00135113894833725	0.815016795907704	0.0125840423520428	0.0114271919963782	1.10123662541342	0.881	0.016
"CDKN2A"	0.000557645067814574	0.000169474596153486	3.29043455757544	0.0142761765008546	0.00833451721180666	1.71289783655747	0	0
"CDKN2C"	0.000275284962517831	0.000189973679446333	1.44906896218535	0.0112352755193269	0.00782357394015473	1.43607967474577	0.077	0
"CDYL"	0.000708419425161293	0.000370014127824606	1.91457399025882	0.010911813708052	0.00817988273616361	1.33398167920065	0	0
"CEBPA"	0.0012607713564171	0.000812128222923675	1.55242894019654	0.0157136052979715	0.0139575195201408	1.12581646583382	0	0.002
"CEBPB"	0.00372011027609066	0.00268212340671832	1.38700190556942	0.0298995309110732	0.0289163721836135	1.03400007169699	0	0.061
"CEBPD"	0.000120329689227939	8.18854256089243e-05	1.4694884753072	0.010474767059638	0.00734463796353617	1.42617881393772	0.095	0
"CEBPG"	0.000483991283634713	0.000172244826210019	2.80990317261885	0.0133821316189893	0.0097619337422629	1.37084843764646	0	0
"CEP70"	0.00935973432384686	0.00436884875392308	2.1423800298516	0.0139452544952052	0.00750172699528879	1.8589392154584	0	0
"CGGBP1"	0.00274624318621079	0.000639118064037245	4.29692624999996	0.0104905293831957	0.00646360950513464	1.62301410301197	0	0
"CHAF1A"	0.00115629778099016	0.000608343375995674	1.90073209739096	0.0127422272722302	0.0085532494924067	1.48975278735202	0.011	0
"CHCHD2"	0.000216650743845123	6.91083306834091e-05	3.13494395976106	0.0111603950184143	0.00717190331150022	1.55612736726645	0	0
"CHD3"	0.00147689820311054	0.00189202207720989	0.780592478756101	0.0126150018624693	0.0129286880078228	0.975737202014335	0.955	0.786
"CHD4"	0.000794351928452004	0.000576313430324453	1.37833318929389	0.0104574330896585	0.00918991505009356	1.13792489186851	0.013	0.015
"CHD8"	0.00444267519019124	0.00282951576317424	1.57011855102984	0.0151773830667526	0.0125483707884404	1.20951024819366	0	0
"CHEK2"	0	0.000162444581412372	0	0	0.00627406404861343	0	1	1
"CHTF18"	0	0.000155351587196188	0	0	0.00597978724165796	0	1	1
"CHUK"	0.000538944450952556	0.000510460913095428	1.05579964523514	0.0123445579149226	0.0133324557157964	0.925902787758494	0.258	0.981
"CITED2"	0.00053746443025652	0.000354336463727268	1.51681942242954	0.0208534992470197	0.0159328369897442	1.30883779583278	0	0
"CLK3"	0	0.000740207495352147	0	0	0.00707738859419933	0	1	1
"CLOCK"	0	0.00322704366996892	0	0	0.00875396093139158	0	1	1
"CLU"	0.0150020123395986	0.00364597650728636	4.11467608461481	0.0125308711649318	0.00739258485311849	1.69505949730774	0	0
"COIL"	0	0.000693648241950368	0	0	0.00800614779791668	0	1	1
"COMMD1"	0.00189965186899678	0.0014349070427369	1.32388497123371	0.0223579370623556	0.0202912765071866	1.10184970642123	0	0
"COMMD4"	0.00109823816886723	0.000688192390418946	1.59583015470232	0.0189580093476365	0.0161470972436727	1.17408157401574	0	0
"COMMD6"	0.00102820958769297	0.000622639625143829	1.65137191108814	0.0186244431209324	0.0154946432963769	1.20199237663557	0	0
"COMMD8"	0.00109823816886723	0.000688192390418946	1.59583015470232	0.0189580093476365	0.0161470972436727	1.17408157401574	0	0
"COPS2"	0.00042044368057775	0.000179673435311317	2.34004364556872	0.0088455830664688	0.00693430859561906	1.27562581683446	0	0.009
"COPS4"	0	0.000162444581412372	0	0	0.00627406404861343	0	1	1
"COPS5"	0.00294150489484063	0.00336227708817011	0.874854991930935	0.0208911388839988	0.0260700983923319	0.801344842263562	0.974	1
"COPS6"	0.000974792076546158	0.0014083786881113	0.692137764349017	0.0140824100845535	0.00908533995742214	1.55001465553846	0.788	0
"CREB1"	0.00736366648434586	0.00947929797285831	0.776815593879415	0.0187435605167121	0.0244182609625776	0.767604234611044	0.994	1
"CREB3"	0.0104712041884817	0.00468644165288352	2.23436136925739	0.0104712041884817	0.00529328286311071	1.97820605081514	0.001	0.002
"CREB5"	0	0.000246250183052551	0	0	0.0106888369428041	0	1	1
"CREBBP"	0.0287262889815091	0.0282501575676713	1.0168541153336	0.0716017368780949	0.0821465637134615	0.871633987367404	0.27	1
"CREBZF"	0	0.00027300446691676	0	0	0.00741754959342296	0	1	1
"CREM"	0.000747537904520575	0.000219760458913903	3.40160331032729	0.0104540197181814	0.00698995051797583	1.49557850106337	0	0
"CRK"	0.00216277630007288	0.00121852793135924	1.77490908859213	0.0138716414587184	0.00937321475730602	1.47992357135592	0	0
"CSE1L"	0	0.000282241056720964	0	0	0.00399535087504412	0	1	1
"CSNK1A1"	0.000320699567111397	0.0006874163115598	0.466528887543714	0.00850872459075374	0.00610309963272892	1.39416445786404	0.733	0.002
"CSNK1E"	0.00108466603097641	0.000339037697332242	3.1992490496226	0.0102064727783998	0.00576966966539976	1.76898737194733	0	0
"CSNK2A1"	0.00483577746444	0.0034558921981458	1.39928481190315	0.0163198301888957	0.0161128683140248	1.01284450855288	0	0.297
"CSNK2B"	0.00228491246489757	0.000512609164761162	4.45741633582024	0.0155318526623728	0.00806542198654135	1.92573341956448	0	0
"CTBP1"	0.0115850592845912	0.00960349572337599	1.20633773558016	0.029954772746	0.0286770991416829	1.04455379527771	0	0.028
"CTBP2"	0.00330535828922674	0.0038009589669028	0.86961167379297	0.0166632227981886	0.0149748187508728	1.1127495481184	0.924	0.001
"CTNNB1"	0.00892867971897957	0.00918949343266673	0.97161827084396	0.0301266346325204	0.0337005861587944	0.89394987050273	0.733	1
"CTR9"	0.0116111944075235	0.00599486618689067	1.93685631097395	0.0126124683002459	0.0100811960712274	1.25108848306631	0	0
"CUL2"	0.0103412329225481	0.00221613878059511	4.66632911850904	0.0169491525423729	0.00669781947899465	2.53054782911482	0	0
"CUX1"	0.000417117925960899	0.000258874660036296	1.6112736793258	0.00914768014205705	0.00767091021750557	1.19251560540774	0.005	0.016
"CYC1"	0	0.000145118940979649	0	0	0.00513768334266385	0	1	1
"DAP3"	0	7.88034243927148e-05	0	0	0.00774894325519531	0	1	1
"DAXX"	0.00158942809623263	0.00140867215662904	1.12831654175386	0.0131720156588808	0.0149660417000111	0.880126884777491	0.183	0.999
"DCAF6"	0	7.88034243927148e-05	0	0	0.00774894325519531	0	1	1
"DCAF7"	0	0.000147370580203453	0	0	0.00538076449517155	0	1	1
"DCTN1"	0.000178763572945112	0.000267435946799255	0.668435096645017	0.00764525796065218	0.0104249318613228	0.733362871081836	0.906	0.998
"DDB1"	0.000297306240310696	0.000275330137451409	1.07981728067515	0.0147191586393038	0.0134802284227955	1.09190721237433	0.28	0.132
"DDIT3"	0.00245396997382272	0.00428854685925251	0.572214797776616	0.0165957381829393	0.022648068936469	0.732766145735986	0.996	1
"DDX3X"	0.00122779225870888	0.000497654591959329	2.46715749949158	0.0179857997098508	0.0120310943257648	1.49494295554926	0	0
"DDX5"	0.000565427476703078	0.000327842429792162	1.72469279544303	0.0140506019542077	0.008960763457112	1.56801393335029	0.001	0
"DDX6"	0.000715806571557715	0.000426044492308027	1.68012164100502	0.0135677415077926	0.00865082177185154	1.56837603011774	0.001	0
"DHX9"	0	4.1553521968822e-05	0	0	0.00537803906435887	0	1	1
"DNAJA3"	0.000647604074660655	0.000677293734780028	0.956164277632044	0.00881057268722467	0.00704237223594719	1.25108023149527	0.611	0
"DNMT1"	0	0.000157530167305071	0	0	0.00648988670471831	0	1	1
"DNMT3A"	0	0.00482720744820756	0	0	0.00602859852848505	0	1	1
"DPF2"	0.00447293252052413	0.00160034156094937	2.79498616399781	0.0120993326958646	0.0072848353702897	1.6608930855473	0	0
"DPY30"	0.000683819862520046	0.000888060238997336	0.770015177452503	0.0078125	0.00730517135777737	1.06944787704159	0.442	0.367
"DRAP1"	0.000266053499797613	0.0001216159370778	2.18765324833548	0.0105833966515081	0.00657973657884481	1.60848333739315	0.002	0
"DROSHA"	0.00126606159603889	0.000344096776952885	3.67937650346617	0.0172480264853343	0.00912380105388658	1.89044307120079	0	0
"DVL2"	0.00458313014840262	0.00231670099606367	1.97830024512868	0.0126961581653215	0.00962824533562102	1.31863675288272	0	0
"DYNLL2"	0.00222868614829281	0.000740025422614807	3.01163457387446	0.0107671333474508	0.00532825212360187	2.02076273751331	0.008	0
"E2F1"	0.000727697471295666	0.000421578309055526	1.72612645305672	0.0193846002114853	0.0163282694108588	1.18718032656871	0	0
"E2F3"	0.00431349978226816	0.0017810153788325	2.42193292294633	0.00980105331669166	0.00634071462011244	1.54573323416941	0	0
"E2F4"	0	0.000186235086828159	0	0	0.00632150410568351	0	1	1
"E2F6"	0.000124886971869239	4.84460603667589e-05	2.57785609240024	0.0119892261200893	0.00634647373459393	1.88911616457772	0.019	0.007
"EAF1"	0.000585786761259051	0.000179059940645801	3.27145624613938	0.0107292318496639	0.00500469284023282	2.14383423562208	0.001	0
"EBP"	0	0.000233043538217692	0	0	0.00606709759051239	0	1	1
"ECSIT"	0.000302170251099228	0.000234491761278266	1.28861777254788	0.0105528120954214	0.00914177519897376	1.15435042600983	0.007	0.001
"EED"	0.00194620545113572	0.000754915656862851	2.57804356479163	0.0164903964135366	0.0125034522071659	1.31886747278369	0	0
"EEF1A1"	0.000497997917280839	0.000321196757150719	1.5504450346837	0.0144867262771193	0.00690248373533601	2.09877007068588	0.132	0.001
"EEF1D"	0.00139637151881689	0.00090853301772543	1.53695186809258	0.0129905985629707	0.0101918074321284	1.27461185363643	0	0
"EEF2"	0	0.000123212634265164	0	0	0.0076265420267642	0	1	1
"EFTUD2"	0.00078736259655353	0.000259995678166383	3.0283680179086	0.00836820083682008	0.0061749147675523	1.35519293007783	0	0.002
"EGFR"	0.000827079417896993	0.00187607564698674	0.440856113251834	0.00917048078981376	0.0123829819798941	0.740571277960642	0.996	1
"EGR1"	0.00175380369294557	0.00198018883505543	0.885674972961089	0.0237473990340459	0.0205005737261946	1.15837728988544	0.556	0.053
"EHMT1"	0	0.000131748784877965	0	0	0.00555112184715246	0	1	1
"EHMT2"	0.00539191098829738	0.00330482593312963	1.63152646989529	0.0216344796379048	0.015605947940234	1.38629705294149	0	0
"EIF1AD"	0.0032502015285171	0.00105614997679427	3.07740529274301	0.0120151321303244	0.00862335603781369	1.39332437135121	0	0
"EIF3A"	0	0.00119753336546887	0	0	0.0060403192862992	0	1	1
"EIF4ENIF1"	0	0.000251902579659753	0	0	0.00489095283733226	0	1	1
"EIF5A"	0	0.000223917049902581	0	0	0.00540935658472318	0	1	1
"ELAC2"	0	0.00034489775508302	0	0	0.00720487660343217	0	1	1
"ELF1"	0.00168252334422762	0.00054856883217237	3.06711436295917	0.0139471772027959	0.00852510978210061	1.63601144844838	0	0
"ELF3"	0.00534114683003657	0.00301879527890286	1.76929746358214	0.0127529559600008	0.0108947840918152	1.1705560984528	0	0.003
"ENO1"	0	0.000403539583478791	0	0	0.00564582910424295	0	1	1
"EP300"	0.101108719098449	0.101875225735608	0.992476025141302	0.13225025099308	0.15467182827704	0.855037743241779	0.62	1
"EPAS1"	0.0023053555352168	0.00100030608475816	2.30465011694311	0.0165788466039668	0.012988460707153	1.27642889929494	0	0
"EPC1"	0.00104029313032973	0.000606947985441625	1.71397410533095	0.0109492443794001	0.00801998856114493	1.3652443885577	0	0
"EPM2AIP1"	0.000655364027204368	0.000327432559107234	2.00152369999874	0.00872809798647207	0.00577659837008224	1.51094076951516	0.01	0
"ERCC3"	0	0.000110295074730073	0	0	0.00620887800159169	0	1	1
"ESR2"	0.000819342865355327	0.000245257048195761	3.34075155589958	0.0217086254012387	0.0151387578210245	1.43397666161817	0	0
"ETS1"	0.000370030081471082	0.000316444383105937	1.16933686052252	0.011824866485282	0.0110828070381277	1.06695591149439	0.039	0.047
"ETS2"	0.000264419368796316	0.00321414492209593	0.0822674071036876	0.00985221674876847	0.00887957654166691	1.10953677830666	1	0.168
"EXOSC1"	0.000216650743845123	6.91083306834091e-05	3.13494395976106	0.0111603950184143	0.00717190331150022	1.55612736726645	0	0
"EXOSC8"	0.00167205282453081	0.00146452218835403	1.14170535470686	0.0118860809328658	0.00895868980689789	1.32676554150965	0.253	0
"EYA2"	0.00822389992350108	0.00448066553608033	1.83541928253259	0.0123744149458789	0.00713786112955718	1.73363066628429	0	0
"EZH2"	0.000196381551281448	0.000234630127632508	0.836983524933476	0.0096838615930633	0.00843372409139559	1.14823078015359	0.931	0.005
"FANCG"	0.000115717649449108	0.000217510942647026	0.532008403995072	0.00746475746475746	0.00511250010618143	1.46009922928549	0.64	0.077
"FANCL"	0.00136392592986623	0.00041281112175857	3.30399511538333	0.0120541269949588	0.00543678444318885	2.21714271016576	0.087	0
"FBXO11"	0	0.000152267062161268	0	0	0.00585605612790029	0	1	1
"FBXW11"	0.00204081994623617	0.00182370715701426	1.11905024794516	0.0197594520697371	0.0207786760242942	0.950948561238195	0.086	0.948
"FBXW7"	0.00305994326060421	0.00306074401007066	0.999738380778067	0.0242224085276937	0.0222223079095463	1.09000418076685	0.444	0
"FHL2"	0.0135878193599038	0.0111946117583052	1.213782099216	0.0234332237957195	0.0244002801905697	0.960366996309168	0	0.981
"FHL3"	0.00927118453344805	0.00694481330613726	1.33497966392487	0.0171575304622596	0.0153376172926694	1.11865683794705	0.001	0
"FKBP4"	0.00129718496105598	0.000402472706591576	3.22303833231689	0.0125798555162627	0.0104761230318805	1.20081212085618	0	0.011
"FKBP5"	0	7.88034243927148e-05	0	0	0.00774894325519531	0	1	1
"FLNA"	0.000820581714618642	0.000751941146228005	1.0912844957813	0.0126394027277707	0.0110204046797817	1.14690912856941	0.137	0
"FOS"	0.0046433103288735	0.00791737450507424	0.586470972908709	0.0224781348106339	0.0284479440751224	0.790149711742823	1	1
"FOSL2"	0.000438478080317108	0.00017581194776208	2.49401753349826	0.0130378039443371	0.00962196103758985	1.35500485747164	0	0
"FOXA1"	0.00285830744765574	0.00155817263063904	1.83439715950054	0.0137872908567385	0.0116281876731763	1.18567839152981	0	0.004
"FOXJ2"	0.0105945657506696	0.00890913537630075	1.18918001614975	0.0266550526309377	0.0265558133153527	1.00373700908372	0	0.447
"FOXK1"	0.000687583851821332	0.000301843244920111	2.27795010619938	0.012559874888842	0.00842129611636936	1.49144201976558	0	0
"FOXK2"	0.00287655208311972	0.00249268479530051	1.15399752449364	0.0147186753993005	0.0145018123915105	1.0149542003396	0.05	0.296
"FOXM1"	0.000901237148406437	0.00035439257257486	2.54304750762254	0.0145218622725707	0.00833140080872201	1.74302768597665	0	0
"FOXO1"	0	0.000360203983129607	0	0	0.00574559198618651	0	1	1
"FOXO3"	0	0.000161984956985902	0	0	0.0057462254136684	0	1	1
"FOXO4"	0	0.000210536462864021	0	0	0.00551461833813282	0	1	1
"FOXP3"	7.58966508478242e-05	7.97050736334588e-05	0.952218565117342	0.00854700854700855	0.00773832184647475	1.10450414399631	0.479	0.251
"FOXP4"	0	0.000222253847850683	0	0	0.009916226891065	0	1	1
"FUS"	0.00161241981786477	0.00145524196371674	1.10800805506364	0.0127981632654813	0.0108545766040111	1.17905688378043	0.115	0.053
"FXR2"	0.000366332028209617	0.000252231226234229	1.45236588537785	0.00816528718063855	0.00680665075094582	1.19960425169514	0.156	0.234
"FZR1"	0.000370663976498921	0.000418215044133203	0.886299959072883	0.00916471375962504	0.0066793605762558	1.37209447745707	0.255	0.144
"GADD45GIP1"	0.000856717989454147	0.000472539482865219	1.81300826813345	0.0140330693439844	0.00979571183909061	1.43257269859493	0.008	0
"GAPDH"	0.000534304889020355	0.00030454696615198	1.75442525588555	0.0108328479906814	0.0077855635749299	1.3914019051317	0.02	0.002
"GLRX3"	0.00123837988812138	0.000740439811930894	1.67249230547446	0.0167038656008752	0.01269658080996	1.31561920889533	0	0
"GNL3"	0.000141146570132892	8.6735727259179e-05	1.62731753791751	0.0117066852810564	0.00719943924699945	1.62605515227251	0.012	0
"GPS2"	0.000395293511544409	0.000447701104325565	0.88294066671981	0.00943111187845305	0.00738336458164977	1.27734608986974	0.283	0.03
"GRB2"	0.00137808950388383	0.000581898632518055	2.36826386396616	0.0129370188762317	0.00921242455224379	1.40430120245389	0.001	0
"GSK3B"	0.0106992019301358	0.0135247354900999	0.791084005891843	0.0253404573284567	0.030252554892628	0.837630323071713	1	1
"GTF2F1"	0.000389535065840379	0.000181795924827369	2.14270515805168	0.0105820105820106	0.00762511215304697	1.38778425413481	0.022	0.049
"GTF2H1"	0.000663880284194476	0.000532184560536563	1.24746250346897	0.0107805813155437	0.00793885523412087	1.35795161866779	0.095	0
"GTF2I"	0.000324653847264899	0.000299040633442677	1.08565128266133	0.00960135011859151	0.00756836230459964	1.26861660847768	0.267	0.009
"GTF3C1"	0.00102237663296263	0.000520022943207777	1.96602216559153	0.0106682386138921	0.00733684056559391	1.4540643916839	0	0
"GTF3C3"	0	0.000180295444889736	0	0	0.00514307673680325	0	1	1
"GTF3C5"	0.000404032812764856	0.000168194982587092	2.40216923567054	0.0107625663445272	0.00648284942787882	1.66015985166089	0.006	0
"H2AFX"	0	0.000190447941838003	0	0	0.00647179177043441	0	1	1
"H2AFY"	0.000686977488556745	0.000869259308385405	0.790302136462321	0.0115911717083393	0.0124989102274913	0.927374586853543	0.912	0.892
"HAT1"	0.000216650743845123	6.91083306834091e-05	3.13494395976106	0.0111603950184143	0.00717190331150022	1.55612736726645	0	0
"HCFC1"	0.00886059160401096	0.00705149147948903	1.25655567049668	0.0310244749508951	0.0318712944351968	0.973430025378368	0	0.894
"HDAC1"	0.0424181567054922	0.0401413452603254	1.0567198590481	0.0777559273151461	0.0881938078106103	0.881648374703598	0.011	1
"HDAC2"	0.0272424074701025	0.0225744288173332	1.20678169492311	0.0598159774330787	0.0597943502394345	1.00036169292847	0	0.477
"HDAC3"	0.0102787696969284	0.0117504828632432	0.874752962627738	0.034373390616215	0.0425497879074253	0.80783929384091	1	1
"HDAC4"	0.0011561072460632	0.00240583568380029	0.480542895696435	0.0193583830274906	0.0250073546279111	0.774107590168072	1	1
"HDAC5"	0.00183834717622378	0.00115036960090137	1.59804916157672	0.0223979348487464	0.0191001774884252	1.17265584900034	0	0
"HDAC6"	0.000692777981683055	0.000372179716063362	1.86140714225574	0.00761494252873563	0.0081066915252102	0.939340359140924	0.105	0.764
"HDAC7"	0.00270968943828513	0.00120765399871891	2.24376306554658	0.0237578788451848	0.0171028311616508	1.38911965046211	0.026	0
"HDAC9"	0	0.000324180425170588	0	0	0.01328021345153	0	1	1
"HES1"	0.00116296552924929	0.000437145376363432	2.66036333021267	0.0116523805073207	0.00841985583153084	1.38391686751745	0	0
"HEY1"	0.000794057934356977	0.000311328768776533	2.55054467814679	0.00905440839069158	0.00490286675954199	1.84675799583373	0.014	0
"HIC1"	0.00645368373129146	0.00331301609334403	1.94797838267588	0.0109390192986015	0.00854123453440816	1.28073046753767	0	0.006
"HIF1A"	0.0163029418399325	0.0160431606675088	1.01619264294659	0.0247745826677236	0.0274553259234082	0.902359809416832	0.36	1
"HIF1AN"	0.00109173578759816	0.000267738398095153	4.07762127272519	0.0148844496670584	0.0093755625373655	1.58757937006315	0	0
"HIPK2"	0	0.000172275455241234	0	0	0.00625653461259673	0	1	1
"HIPK3"	0.00151779956536646	0.000618725902293777	2.45310493667645	0.0121698914591352	0.00718892901470187	1.69286571535856	0	0
"HIRA"	0.00511029826666293	0.00137809106287782	3.7082442549125	0.0234375	0.0110993054253996	2.11161861951881	0.029	0
"HMGA1"	0.00369316275067888	0.00387034634190724	0.954220223314423	0.0207319457485173	0.0232894110165454	0.890187636509518	0.62	1
"HMGB2"	0.0103754603155083	0.00455833614480599	2.27615076771612	0.0341171507238654	0.00949272146262173	3.59403263418231	0.034	0
"HOXB9"	0.000566454511942828	0.000619792827899268	0.913941701879279	0.0128540183387153	0.0113552097700545	1.13199303218628	0.638	0.068
"HSF1"	0	0.000665172692510084	0	0	0.00601858415052231	0	1	1
"HSP90AA1"	0.0025022500461089	0.00140127369211556	1.78569687006052	0.0183738640763187	0.0179594839085512	1.02307305543286	0	0.208
"HSP90AB1"	0.00110459412870981	0.000797010491466126	1.38592169179339	0.0141019402548235	0.014960236973843	0.942628133463386	0.002	0.964
"HSP90B1"	0.000141146570132892	0.000175192960045314	0.805663481548481	0.0117066852810564	0.00842950084658567	1.3887756219632	0.896	0
"HSPA4L"	0.0012752247856434	0.000490937298285148	2.597530866157	0.012389746764562	0.00715765389606269	1.73097874589569	0.003	0
"HSPA5"	0	0.000186629493487628	0	0	0.00639991329490656	0	1	1
"HSPA8"	0.000859102197422539	0.000819661249750598	1.04811859494876	0.0107677084111084	0.011321929080152	0.95104891886179	0.296	0.824
"HSPB1"	0.00227836755939909	0.00122038287397677	1.86692849267438	0.0113322896247887	0.0101483109295535	1.11666756206566	0.001	0.03
"HSPH1"	0	0.000145118940979649	0	0	0.00513768334266385	0	1	1
"HTT"	0.00821735460034314	0.00200592338024785	4.09654460447428	0.014546581198302	0.00724386390230693	2.00812458578486	0	0
"HUWE1"	0.00131488399886879	0.00087583021853758	1.50130010479008	0.015062028450387	0.011502757785465	1.30942759391313	0	0
"IKBKB"	0.00201057994513736	0.00115713948996749	1.73754328027804	0.0167670391241979	0.0154183129577065	1.08747559932083	0	0.001
"IKBKE"	0.000594610331572926	0.000295296070458567	2.01360732856876	0.0121657740115014	0.00925878219540776	1.31397129284837	0	0.001
"IKBKG"	0.000499561635223961	0.000539569656310291	0.925851981077079	0.0116357214883306	0.0118938167480826	0.978300047392812	0.771	0.684
"ING4"	0	0.000279328245171216	0	0	0.00489238425259751	0	1	1
"INTS3"	0.00259949390889757	0.000655722392876244	3.96432078138313	0.0125536813791397	0.00604307454444969	2.0773666263425	0	0
"IPO4"	0.000245505692014968	0.000181390565834967	1.35346450288013	0.00754716981132075	0.00555516600869735	1.35858582794909	0.054	0.015
"IRAK1"	0	0.000231443932609369	0	0	0.00728798529464798	0	1	1
"IRF2BP1"	0.000228234638149433	0.00106530214152592	0.214244043311988	0.00900900900900901	0.00746369734648936	1.2070437198591	0.581	0.21
"IRF2BP2"	0	0.000128777111727618	0	0	0.00634867556645983	0	1	1
"IRF5"	0.000328197961091167	0.0011500268064109	0.285382879130822	0.0114669957208841	0.00785543180162025	1.45975371061321	0.929	0.001
"IRF7"	0	0.000164884654325405	0	0	0.00657930523914968	0	1	1
"ISG15"	0.00125986993738682	0.000626983417175565	2.00941508638663	0.0156997848965457	0.0112796537892815	1.39186762198893	0	0
"ITCH"	0.0108905585604406	0.00472064686798169	2.30700555771434	0.00972996755658042	0.00726360776028318	1.33955024523531	0	0
"JDP2"	0	1.43419631024296e-05	0	0	0.00526142601956586	0	1	1
"JMJD1C"	0	0.000378491563201545	0	0	0.00655777009901648	0	1	1
"JUN"	0.0319443512742044	0.0274652310835097	1.16308328799695	0.0559711084965861	0.0632950702667339	0.884288590892092	0	1
"JUNB"	0.000507998463333779	0.000512572066519469	0.991077150932656	0.0140744611848855	0.0123390471282774	1.14064409014462	0.474	0
"JUND"	0.00129578503674474	0.00214791649734244	0.603275331395787	0.0187859139500411	0.0211848698615293	0.886760885142626	1	1
"KAT2A"	0.00124327944179091	0.00127565322870573	0.974621796749839	0.0160581904084717	0.0161243698622865	0.995895687435848	0.562	0.543
"KAT2B"	0.00897361143603321	0.00915054924918711	0.98066369478645	0.0393913800850417	0.0425894347240759	0.92490967161801	0.689	1
"KAT5"	0.013733082541494	0.0126712824965565	1.08379578351489	0.0321179571677834	0.0356671660257712	0.900490864471168	0.032	1
"KAT6A"	0.00267471089561769	0.00178853453104538	1.49547624001106	0.0149268510037874	0.00919106856274581	1.62406045628802	0.001	0
"KAT7"	0	8.05086991515612e-05	0	0	0.00688855977229105	0	1	1
"KDM1A"	0.00230043542119822	0.0034726343289095	0.66244677766594	0.020695689193426	0.0246239999168123	0.840468212448935	1	1
"KDM2A"	0.00114884423931746	0.000634272331310371	1.81127913453834	0.00941123924216561	0.0085599125270485	1.0994550718161	0.002	0.093
"KDM5A"	0.00018162499893058	0.000123701919297014	1.468247218497	0.00809943865276664	0.00686472249160319	1.17986395847374	0.061	0.115
"KDM5B"	0.00297686740381305	0.0018123462086707	1.64254897302237	0.019947444817789	0.0136972259596163	1.45631275096143	0	0
"KDM5C"	0.000817278200879288	0.000506023069675935	1.6151006739726	0.0167538222744228	0.013339493282119	1.25595642353826	0	0
"KEAP1"	0.00160742394932285	0.00120277266798193	1.33643205579311	0.0165750039810224	0.0160909425540575	1.03008285097897	0.007	0.146
"KHDRBS1"	0.000470582938432319	0.000120852194239013	3.89387169505284	0.012808892346128	0.00733642413521093	1.74593127524513	0	0
"KIF2C"	0.00529827247656804	0.000629704487374079	8.41390300180691	0.0129615871034635	0.00655379261087122	1.97772310981634	0	0
"KLF5"	0.000296024792355259	0.000738424744871667	0.4008868803641	0.00869565217391304	0.0138294138738517	0.628779516849558	0.979	1
"KMT2B"	0	0.00024452491552568	0	0	0.00657120285448408	0	1	1
"KMT2C"	0	0.000327160353107901	0	0	0.0080075983215596	0	1	1
"KPNA2"	0.00264413144908448	0.00155160528019099	1.70412635406798	0.0124658510856703	0.0105188472778857	1.18509668943268	0	0
"KPNA3"	0.00176573241965187	0.00105048144818577	1.68087920324663	0.0141627817450077	0.012199646544443	1.16091738341869	0.004	0.001
"KPNA4"	0.000663483776905643	0.00027338371326563	2.42693234714014	0.0117630962174603	0.0071021920823736	1.65626275395371	0	0
"L3MBTL1"	0.000313341499376531	0.000325036330219361	0.964019927141875	0.00699300699300699	0.00646694493555007	1.08134630226478	0.537	0.195
"L3MBTL2"	8.79329213649147e-05	3.52657670737083e-05	2.49343566470929	0.0105916606896842	0.00671581299838932	1.57712263462732	0	0
"L3MBTL3"	0.00156265327123591	0.00108992002820175	1.4337320452897	0.00999357352192823	0.00740544211193221	1.34949046537354	0.218	0.117
"LATS2"	0.000184779806983229	0.000108655844491695	1.70059703504815	0.00985127197182231	0.00734492669047459	1.34123489409338	0.105	0.042
"LCOR"	0.00112956217944464	0.000645680531037802	1.7494134098005	0.0122570031301231	0.00866973127387199	1.4137696709311	0	0
"LDB1"	0	0.00953335660554477	0	0	0.0112483815050241	0	1	1
"LDOC1"	0	0.000232946943880354	0	0	0.00536215323908316	0	1	1
"LEF1"	0.000870157648166897	0.000451405949628726	1.92766100863887	0.00961538461538462	0.00734745424942916	1.3086688652919	0.02	0.031
"LIG3"	0	0.000193056890798721	0	0	0.0062574989515247	0	1	1
"LMNA"	0.000328324875286747	0.00016745338007213	1.96069422513491	0.0111731843575419	0.00588328041188282	1.89914190304014	0	0
"LRIF1"	0.00135651534654638	0.000635963637101536	2.13300771837966	0.014321070722685	0.00941940232447873	1.52037998052892	0.007	0
"MAD2L1BP"	0.00233281011203982	0.00106803676981152	2.18420393190348	0.0109649650031547	0.00688621766521109	1.59230589798945	0	0
"MAD2L2"	0.0010202858087274	0.000380290568238937	2.68291115778173	0.0139331696554253	0.00993060826598156	1.4030529935568	0	0
"MAF"	0.000705908068907057	0.000904107911108033	0.780778555561945	0.00871711377874424	0.00784454768181831	1.11123217453931	0.624	0.2
"MAFB"	0.000465416779611406	0.000877059125807551	0.53065610506347	0.0110312537328957	0.0114085818028802	0.966925944301925	0.966	0.627
"MAFF"	0.00681450878229187	0.00229832031737299	2.96499523185739	0.0191102001446829	0.0119776449750129	1.5954889449929	0.001	0.019
"MAFG"	0.00136774840694429	0.000537554843120578	2.54438858555218	0.0137497637497637	0.00879926367534145	1.56260390153955	0.001	0.001
"MAFK"	0	0.000181858441068742	0	0	0.00539820150967782	0	1	1
"MAGED1"	0.000519171012763212	0.000174231297926546	2.97978043521257	0.0111111111111111	0.005915644787933	1.8782586699215	0.028	0.005
"MAGOHB"	0.000216650743845123	6.91083306834091e-05	3.13494395976106	0.0111603950184143	0.00717190331150022	1.55612736726645	0	0
"MAP2K1"	0.000351576492198016	0.000119349375593964	2.94577571477296	0.00744739756367663	0.00554361301207545	1.3434194536044	0	0.005
"MAP3K7"	0	0.000179094451754214	0	0	0.00607432163305096	0	1	1
"MAPK1"	0.0175458954004512	0.013511081060123	1.29863001505014	0.0185458267607288	0.021823741467834	0.849800516014335	0	1
"MAPK10"	0.000587192765945072	0.00024486560369356	2.39802061656615	0.0113641163724159	0.00866373492901945	1.31168791122077	0	0
"MAPK14"	0.00240448104201061	0.00286370455082684	0.83964005341136	0.0185126195130976	0.0213581081314347	0.866772440666259	0.996	1
"MAPK3"	0.00542354220538238	0.00639476990381043	0.848121556672535	0.0183396356159733	0.0198348486067368	0.924616869006218	0.993	0.997
"MAPK7"	0.000899435069199175	0.000699542054144537	1.28574838906445	0.02281856078674	0.0198047721412065	1.15217487098794	0.146	0.045
"MAPK8"	0.0128721229977992	0.0106361157965644	1.21022779781667	0.0257612371946525	0.0298830953475948	0.862067228812894	0	1
"MAPK9"	0.00125933268367564	0.000905732567431835	1.39040234276484	0.0143757326729026	0.0151834815001037	0.94680081592647	0	0.884
"MAPKAPK2"	0.00114751947282417	0.000440703218999695	2.60383728403166	0.0136964628651605	0.00985849882101564	1.38930511772882	0	0
"MAPKAPK3"	0.00023732372020637	0.000193025978448247	1.22949108775014	0.0132970588222692	0.0117421017401144	1.1324257885488	0.116	0.012
"MAX"	0.00629977116645404	0.00614201986035757	1.02568394594662	0.0271219966941121	0.026001936356824	1.04307603564279	0.336	0.031
"MBD1"	0.000984752137182092	0.000562028137614508	1.7521402778192	0.011162992458486	0.00905960229298707	1.23217246160211	0.002	0.006
"MBD2"	0.0101638732905368	0.00441213339381702	2.30361876746066	0.0115506514563996	0.00639205691586578	1.80703200995123	0	0
"MCM7"	0.00535666985439488	0.00250772430963243	2.13606808125573	0.0133200550445923	0.0104482749309791	1.27485686705068	0	0
"MCRS1"	0.00251796923024767	0.00145624739128294	1.72908068046691	0.0108069621934727	0.00930017641507107	1.16201690281486	0.019	0.076
"MDM2"	0.00741002379369266	0.00743959968187026	0.996024532307877	0.0389869875021922	0.0439473538505567	0.887129351058719	0.5	1
"MDM4"	0.000282173776435108	0.000134191002667648	2.10277716706514	0.0120547861254209	0.00834968338524979	1.44374170483115	0	0
"MECP2"	0.00175230823136879	0.000959502740111291	1.82626704241151	0.012349173321022	0.0116282422255074	1.06199828671725	0	0.065
"MED1"	0.00215385727525422	0.00289053827071631	0.745140549452222	0.0182239866636514	0.0223533496306747	0.815268716534691	1	1
"MED12"	0.0016015818191523	0.00115179900274518	1.39050460656339	0.0140844780320816	0.0131049490562052	1.07474496632344	0.025	0.048
"MED13"	0.000383184822483679	8.49828153315042e-05	4.50896832481881	0.00900900900900901	0.00618894087001733	1.45566247896367	0	0.009
"MED14"	0.000383184822483679	0.000249006800165534	1.53885284349241	0.00900900900900901	0.00787186222788435	1.14445714980841	0.089	0.094
"MED15"	0.000489596658938864	0.000131236605162409	3.73064099252624	0.0136035956542603	0.00762028061267943	1.7851830327121	0	0
"MED17"	0.00100228588850432	0.000268191553162905	3.73720155121929	0.0172413793103448	0.0071799538128473	2.40132175773809	0.046	0
"MED23"	0.00132826095239836	0.00128441914424389	1.03413356796412	0.0135949837672951	0.0136317308498614	0.997304298113642	0.361	0.522
"MED25"	0.000206977837271437	0.000145113616625826	1.42631575233306	0.0114829969807723	0.00753400394168223	1.52415595607033	0.174	0.007
"MED31"	0.000646225115877508	0.000994528561976933	0.649780348784489	0.0158730158730159	0.007368003476211	2.1543170988267	0.417	0
"MED6"	0.000448596339456024	0.000123299527446508	3.63826487210702	0.0139618189943307	0.00824344869206067	1.69368664934829	0	0
"MEF2A"	0	0.000142334958443997	0	0	0.00781895750896956	0	1	1
"MEF2C"	0.00393863299145308	0.00172267449144465	2.28634777551626	0.0184015514650753	0.0117463158255191	1.56658068269351	0	0
"MEF2D"	0.00107414073159066	0.000321778875071841	3.33813315541876	0.0178468167799497	0.0101041597094122	1.76628411398971	0	0
"MEIS1"	0.00152590059475093	0.00052741199789887	2.89318521541013	0.0113097284546156	0.00731000224492272	1.54715800018679	0.09	0
"MEN1"	0.00131457066321045	0.00216098256672049	0.608320808994514	0.0183018202968351	0.0200035713390101	0.914927639003325	1	1
"MFAP1"	0.000201237610581061	7.85636212203983e-05	2.56146047566367	0.00994261986668734	0.00520381640717293	1.91064001661981	0	0
"MITF"	0	0.00483690055985229	0	0	0.00650455290990961	0	1	1
"MLLT6"	0.00322403313469247	0.000491232843136368	6.56314653985272	0.0152500540879687	0.00705381576319967	2.16195809472788	0	0
"MNAT1"	0.00172885879576494	0.00179477001250804	0.963275953863865	0.0137173849222851	0.0118382154214217	1.15873756592256	0.54	0.041
"MNT"	0.0153940258035269	0.00166895437900072	9.223754703675	0.015625	0.00751337528992355	2.07962458909183	0	0
"MORF4L1"	0.00122024932242933	0.000542536280205199	2.24915709225531	0.0100027677465417	0.00722579763233662	1.38431329736909	0.013	0
"MORF4L2"	0.000752772705540007	0.000309644988144259	2.43108312539295	0.0142691171247232	0.00817165832646096	1.74617153026551	0.001	0
"MRPL10"	0.000216650743845123	6.91083306834091e-05	3.13494395976106	0.0111603950184143	0.00717190331150022	1.55612736726645	0	0
"MSH2"	0.00100204248480829	0.000725704879165654	1.38078510090815	0.0115449327065331	0.00952617741282014	1.21191661736178	0.095	0.002
"MSH3"	0	0.00186301874416343	0	0	0.00718843328341218	0	1	1
"MTA1"	0.000650345138457788	0.000271199106276296	2.39803569925935	0.0114826402111539	0.00814396817032819	1.40995642062918	0	0
"MTDH"	0	4.1553521968822e-05	0	0	0.00537803906435887	0	1	1
"MTOR"	0.000141146570132892	8.6735727259179e-05	1.62731753791751	0.0117066852810564	0.00719943924699945	1.62605515227251	0.012	0
"MUC1"	0.000196224431926224	0.000100235343694866	1.95763714367624	0.0140845070422535	0.0074018927906397	1.90282505308163	0.002	0
"MYB"	0.000141999191119134	8.73448467317794e-05	1.62573061184924	0.0102880658436214	0.00693830684072162	1.48279199519395	0.148	0.024
"MYBBP1A"	0.00085240893723741	0.000409014335690847	2.08405638349484	0.00769230769230769	0.00687062319533252	1.119593881605	0	0.063
"MYC"	0.00636560463721482	0.00526635157008496	1.20873142487753	0.0356115760533139	0.0346369920497844	1.02813708540651	0	0.103
"MYD88"	0.000909967160426335	0.000345286935788134	2.63539412039813	0.0169046495043604	0.0130554808548218	1.29483162606891	0.001	0.006
"NAA10"	0.00246944898487155	0.000852032196706565	2.89830477582529	0.00919146423273514	0.00572876898922595	1.60443967107444	0	0
"NACC1"	0.00217987694026269	0.00131552447122977	1.65704020558805	0.0123553098695694	0.0105440395335207	1.17178144394191	0	0
"NBN"	0.00113428049329103	0.000191938085085522	5.90961659738154	0.0116959064327485	0.00767522733071388	1.52385146768814	0	0.006
"NCBP1"	0.000601030645441663	0.00130493845165626	0.460581604196595	0.0116709919768373	0.00674439389822475	1.7304730644379	0.476	0.003
"NCL"	0.000299790661908177	0.000125742997483511	2.38415393228946	0.00750946097120427	0.00536956950276397	1.39852197971156	0.002	0.004
"NCOA1"	0.00247620482758161	0.00364624671750139	0.679110608642096	0.0197451461197942	0.0265252967177144	0.744389264705483	1	1
"NCOA2"	0.000632552937562888	0.000973966129964373	0.649460918713904	0.0152270109578235	0.018168242677178	0.838111380851975	1	1
"NCOA3"	0.00139471016595979	0.00190552236552644	0.731930619756578	0.0179660539244705	0.0219497401772535	0.818508728549265	1	1
"NCOA4"	0.00024767641346338	6.06821444928744e-05	4.08153692545364	0.0105820105820106	0.00671565301375557	1.57572324840721	0	0
"NCOA6"	0.00196522512476544	0.00232643747572701	0.844735844083372	0.0115096237541203	0.0143415360634272	0.802537727006195	0.812	1
"NCOR1"	0.00790905605418858	0.00505127152135046	1.56575547775624	0.037372540682749	0.0362178684601474	1.03188128599761	0	0.059
"NCOR2"	0.0129763312728699	0.0160313807516244	0.80943316573372	0.041784634873232	0.0495077262613375	0.844002300825988	1	1
"NDUFAF3"	0	0.000351867527272272	0	0	0.00510479265452953	0	1	1
"NEDD9"	0.000439556604106956	0.00022639008987314	1.94158942360624	0.0110808792086331	0.00742978510724745	1.49141314973217	0.001	0
"NEK6"	0.000522762106477206	0.00027820046957764	1.87908419878247	0.0127677170941987	0.00856565091849365	1.49057172837065	0	0
"NFATC1"	0.00344488696978403	0.0036536059041721	0.942873166985599	0.0171760788336071	0.0191373638750142	0.897515402109913	0.764	1
"NFATC2"	0.000657522138600769	0.000580204307651532	1.13325966375912	0.0153784434935053	0.014378181149077	1.06956807221006	0.057	0.011
"NFATC4"	0	0.000138838050833286	0	0	0.00677225473063213	0	1	1
"NFE2L1"	0.00264106314951656	0.00323373896091778	0.81672119532091	0.0137384357644234	0.0141430590420863	0.971390681714697	0.705	0.52
"NFE2L2"	0.00664841238422421	0.0088643213149228	0.750019335719681	0.0182259185964045	0.0199272691144736	0.914621993194575	0.988	0.93
"NFIA"	0.00236386382939438	0.0013907547757366	1.69969851668666	0.0117596536294176	0.0104128191311136	1.12934388673666	0	0.002
"NFIB"	0.000634841052687602	0.000623879342872429	1.01757024004787	0.0166852057842046	0.0108688745167306	1.53513648156677	0.131	0.142
"NFIC"	0.00212795904436948	0.00157782116546697	1.34866934919059	0.0127201066952023	0.0124960609079567	1.01792931299679	0.003	0.305
"NFIX"	0.0030140986473705	0.00337604285679358	0.892790398470583	0.0130881573553752	0.0148864816319933	0.879197494675086	0.891	1
"NFKB1"	0.00382280362778126	0.00240061322820525	1.59242796085035	0.025160628709875	0.0215185630556924	1.1692522704586	0	0
"NFKB2"	0.000342471062756662	0.000243305838269016	1.40757437303252	0.00826211266444904	0.00696413040591071	1.18638109611455	0.095	0.063
"NFKBIA"	0.000791423217576865	0.00043421809900402	1.82263986552421	0.0147595513432293	0.0109423343267777	1.348848509144	0	0
"NFKBIB"	0.000674204775939925	0.000428764757119169	1.5724351517831	0.0172985893523708	0.0149342982373628	1.15831283649425	0	0
"NFYA"	0.00105256017173506	0.000574814246106494	1.8311309764234	0.0163222708268726	0.0136657591158689	1.19439181449634	0	0
"NFYB"	0.000815933878689635	0.000448392134572624	1.81968820543056	0.00797838525111253	0.00616258837044824	1.29464841256827	0.064	0.05
"NFYC"	0.00134167502267314	0.000777324251928138	1.72601719211146	0.0165654322686009	0.012720082933072	1.30230536669938	0	0
"NIN"	0.00128750331572613	0.000570743682592068	2.25583454534065	0.0103905892487012	0.0070318166329365	1.47765361230161	0	0.006
"NLK"	0.000498796842675431	0.00086409789087443	0.577245758777017	0.0118674532701038	0.0106132031344164	1.11817828414309	0.995	0.07
"NMI"	0.00168818898124916	0.000557519841946661	3.02803389984221	0.0121951219512195	0.00582296162426716	2.09431604364288	0	0
"NOL9"	0.000216650743845123	6.91083306834091e-05	3.13494395976106	0.0111603950184143	0.00717190331150022	1.55612736726645	0	0
"NONO"	0.0010625536297766	0.000763863495794371	1.39102553745105	0.00952408802882223	0.00827118412133862	1.15147817883189	0.007	0.024
"NOTCH1"	0.00198958465366599	0.00145685468957607	1.3656713108738	0.0162777661163048	0.0164607469106475	0.98888380974837	0.003	0.616
"NPM1"	0.00659415065238084	0.00485308856426532	1.35875341343149	0.0312696260955288	0.0287251182698939	1.08858128282458	0	0
"NR1H2"	0.0010674445762397	0.000518417405008747	2.05904463454827	0.0119409300536614	0.0106980177629959	1.11618155047048	0	0.064
"NR1H3"	0	0.000257662300333601	0	0	0.00577711568521888	0	1	1
"NR2C2"	0.000369443186682334	0.000298581044759398	1.23732967369056	0.0127388535031847	0.00651777222340612	1.95447970050839	0.291	0.001
"NR2C2AP"	0.00132285885727964	0.000825542630724734	1.60241132080401	0.013507272351958	0.0105223781015598	1.28367106956134	0.013	0
"NR2F1"	0	0.0003251791224223	0	0	0.00600632296732072	0	1	1
"NR2F2"	0.000959793114919572	0.000478488187487659	2.00588674917775	0.0125910513387738	0.00780617643167615	1.61296012830064	0.011	0
"NR2F6"	0.00158959959143219	0.00072817584611888	2.18298862823401	0.0107993864208297	0.0084993712344722	1.27061003960257	0.003	0.006
"NR3C1"	0.00390910407348826	0.00320765000477141	1.21868161042303	0.017225190517907	0.0188017990040186	0.916145870627881	0.016	0.991
"NR4A1"	0.000141146570132892	8.68994248005746e-05	1.62425206446198	0.0117066852810564	0.00714973468133352	1.63735939903058	0.015	0
"NRBF2"	0	8.41397090564975e-05	0	0	0.00761126725412556	0	1	1
"NRF1"	0.00440056090079475	0.00089960269725453	4.89167152813646	0.0116126786147361	0.00652996773572812	1.77836692074271	0.004	0
"NRIP1"	0.00122861413108423	0.000564129754827407	2.17789279960976	0.012923118045707	0.0112366274003272	1.15008868633756	0	0.026
"NSD1"	0.000400794543395924	0.000142514315461402	2.81231076399812	0.0121951219512195	0.00787904328144514	1.54779222750795	0	0
"NUP205"	0.016260162601626	0.00457709660578821	3.5525058791775	0.016260162601626	0.005092652068851	3.19286736690312	0.001	0.001
"NUP62"	0.0103732069499628	0.00524410905060682	1.97806850503279	0.0182292328937676	0.0127308415990584	1.43189535050973	0	0
"NXT2"	0	0.000234258241542977	0	0	0.00685647428183252	0	1	1
"OAT"	0	0.000145118940979649	0	0	0.00513768334266385	0	1	1
"OGT"	0.00220308099396326	0.000941441867019733	2.34011368215164	0.0138235760207968	0.00884392007507516	1.56305980871037	0	0
"ORC4"	0.00133174956096899	0.000501785173947619	2.65402333530885	0.0129006835160529	0.00726015769975863	1.77691505468012	0	0
"OTUB1"	0.00408258481825863	0.00213585577012396	1.91145154807044	0.0123791017523697	0.00842883757054601	1.46866061289728	0	0
"PABPN1"	0	0.000278349833395051	0	0	0.0061947832555487	0	1	1
"PAK1"	0.00579691689019935	0.00264308900947856	2.19323559267608	0.0122350654677262	0.00808890313260831	1.51257411136545	0.001	0.001
"PARP1"	0.00833249068121181	0.0064189365071229	1.29811078080699	0.0434620020217439	0.0429590609869528	1.0117074494469	0	0.268
"PATZ1"	0.00616522439564409	0.00625505123484172	0.98563931200159	0.015495886468921	0.0148426223285904	1.04401271728596	0.553	0.138
"PBX1"	0.00997080217665216	0.00855586250860132	1.16537662528218	0.0141111955791115	0.0140995063728224	1.00082905074688	0.103	0.491
"PBX2"	0.00998730189388967	0.00780598582677393	1.2794414588397	0.0104802772065103	0.00818557433966182	1.28033498587018	0.036	0.001
"PCBP1"	0.00275447140486991	0.00143011679583306	1.92604646899863	0.0102026971042792	0.00714230348132386	1.42848832046382	0	0
"PCGF2"	0	0.000728543187921943	0	0	0.00566417648699903	0	1	1
"PCGF6"	8.79329213649147e-05	3.52657670737083e-05	2.49343566470929	0.0105916606896842	0.00671581299838932	1.57712263462732	0	0
"PCNA"	0	0.000102560168932142	0	0	0.00653764678109754	0	1	1
"PDGFRB"	0	0.00014450070206121	0	0	0.00706844065403918	0	1	1
"PDS5A"	0	0.000570671715106006	0	0	0.00576003578069544	0	1	1
"PELP1"	0.000610574730602098	0.00035610980389571	1.71456871987975	0.0136687177289087	0.0105386901041708	1.29700347897118	0	0
"PGR"	0.0197570094903051	0.013715784585962	1.44045784376974	0.0238984074042446	0.0187651752949838	1.27355098092971	0	0
"PHB"	0.000591766695288739	0.000226556239856106	2.61200793085457	0.0114441694280977	0.00817466797210097	1.39995526022037	0	0
"PHB2"	0.000929673918932507	0.0018868865277865	0.492702611016627	0.0091324200913242	0.00672999554184587	1.35697268067126	0.985	0
"PHF1"	0.00224378018185104	0.001112633150573	2.0166396989839	0.0113866303747609	0.00751071481662088	1.51605148814369	0	0
"PHF8"	0.00221326371071906	0.00124583375803967	1.77653213876758	0.0142695871851189	0.0114237302621826	1.24911800765791	0	0
"PIAS1"	0.00425860337068977	0.00658949351589367	0.646271729445995	0.0229168950207495	0.0282188587769144	0.812112750622562	1	1
"PIAS2"	0	0.000303794231249242	0	0	0.00777909878559184	0	1	1
"PIAS3"	0.00174465114270817	0.00109226964439233	1.59727147198966	0.0116020211205954	0.00977720175100136	1.18664024902699	0.013	0.002
"PIAS4"	0.000717020598261085	0.000620772730738883	1.15504525691333	0.0136599381625349	0.0124162179803581	1.10016900348756	0.089	0.044
"PIK3R1"	0.00412460061233768	0.00136752815875736	3.01609921954777	0.0105294981428695	0.00792505938946383	1.32863334208803	0	0.001
"PIN1"	0.00504803875279659	0.00500412282396351	1.0087759494277	0.0196073648449329	0.0220785705299751	0.888072206409958	0.407	1
"PKM"	0.000572887322045912	0.000118111566469293	4.85039136446347	0.018348623853211	0.00607378038867545	3.02095608978915	0	0
"PKNOX1"	0.000559776089564174	0.00253187420015961	0.221091588803617	0.024390243902439	0.00779419490963299	3.12928329163217	0.186	0.032
"PLK1"	0.00158312979446873	0.00117613092103274	1.34604895267833	0.0144831368397695	0.0141740251010335	1.02180832449023	0.009	0.241
"PML"	0.00683934409607516	0.00752601281034595	0.908760623775869	0.0300242629307394	0.035392750458422	0.848316746843699	0.978	1
"PNKP"	0.001616533184381	0.000640792281543872	2.52271013702951	0.00935082133517425	0.00675315558851476	1.38465954361801	0	0
"PNMA1"	0.00696824231854449	0.000760123429779854	9.16725106153171	0.0193548387096774	0.0054582951066573	3.54594948266373	0.054	0.049
"PNO1"	0.00102237663296263	0.000520022943207777	1.96602216559153	0.0106682386138921	0.00733684056559391	1.4540643916839	0	0
"PNRC2"	0.000267961881602208	0.000362478065596945	0.7392499216771	0.0116843827053697	0.00995023431661997	1.17428216598408	0.782	0.08
"POGZ"	0.010547992834923	0.00279412856938957	3.77505636300315	0.0221806970180013	0.0179786515123222	1.2337241757425	0	0
"POLR1A"	0.000216650743845123	6.91083306834091e-05	3.13494395976106	0.0111603950184143	0.00717190331150022	1.55612736726645	0	0
"POLR2A"	0.000998202266713898	0.000620549624449028	1.60857766629088	0.0111187580345142	0.00876110647123901	1.26910431587779	0	0
"POLR2L"	0.000802327905681943	0.000470942331348615	1.70366486993079	0.0123914402708058	0.00752268401129888	1.64720999209779	0.001	0
"POU2F1"	0.0176742748644434	0.00653700950805118	2.70372482136904	0.022645859309284	0.0194484581112674	1.16440384012572	0	0
"PPARD"	0	0.000220517214813588	0	0	0.00522417147632363	0	1	1
"PPARG"	0.00640378184519668	0.00388907075312281	1.64660975634209	0.0455013170812394	0.0412707524459005	1.10250757218164	0	0
"PPIG"	0.00581235505072027	0.00196451094249329	2.95867786989439	0.0169849084678055	0.0103711865092576	1.63770157374417	0	0
"PPM1G"	0	0.00339371371387837	0	0	0.00581448957330303	0	1	1
"PPP1CA"	0.000708219131263779	0.000535068587738282	1.32360438921933	0.011756653047426	0.00865917110067087	1.35771113779183	0.086	0
"PPP1CB"	0.000751730423974676	0.000308360718833239	2.43782809567652	0.0111226866037505	0.00763529866012021	1.45674545278041	0.018	0.024
"PPP1CC"	0.000708219131263779	0.000385061687285204	1.83923551641018	0.011756653047426	0.00825400815460921	1.42435684908559	0.001	0
"PPP2CA"	0.000436856030234769	0.000211217282504763	2.06827786559046	0.00965163282917746	0.00752607895359764	1.28242513647346	0	0
"PPP2R1A"	0	0.000366373983723575	0	0	0.00522864833847301	0	1	1
"PPP3CA"	0	0.000266104048449725	0	0	0.0068034809489758	0	1	1
"PPP3CB"	0	0.000250864400475092	0	0	0.00666551180306036	0	1	1
"PRDM10"	0	0.000783271553870299	0	0	0.00641305803874915	0	1	1
"PRDX1"	0.000721222951136471	0.000281758550055153	2.55971984167045	0.0106797075676744	0.00736752409084096	1.44956534053971	0	0
"PRDX6"	4.92730348451371e-05	7.6460894165767e-05	0.644421378833384	0.00884027569673358	0.00786011388076418	1.12470071437109	0.733	0.225
"PRKAA1"	0.000620400684599236	0.000790776972299855	0.784545714318026	0.00892363810402337	0.00754294310989013	1.18304459864253	0.444	0.077
"PRKAA2"	0.00128790970852035	0.000895667951485631	1.43793211131884	0.0184056748136879	0.0150999112216993	1.21892602833572	0.002	0
"PRKAB2"	0.00192646500224754	0.000991111857882453	1.94374125072371	0.0122643535640268	0.00758227871150168	1.61750234074393	0	0
"PRKCD"	0.00070358392754509	0.0003992457655418	1.76228275480965	0.0172882418184495	0.0144886360694649	1.19322769483353	0	0
"PRKCZ"	0.0013653277580855	0.000226028156150241	6.04052070918974	0.0146607387753061	0.00606695924628126	2.4164887516415	0	0
"PRKDC"	0.00112515254586484	0.00119259839697839	0.943446300712433	0.0127835889726493	0.0140379788878858	0.9106431256768	0.743	0.995
"PRMT1"	0.000792520734801667	0.000885760058920068	0.894735235372794	0.0128183924804057	0.010175409755326	1.25974214195122	0.651	0.001
"PRPF6"	0	0.000113671109542066	0	0	0.00552201124850021	0	1	1
"PSEN1"	0.00102338372526681	0.00043985329719528	2.3266478432523	0.0145437521814299	0.0108503541255044	1.34039424088878	0	0
"PSIP1"	0.00052792750874295	0.000329763214036891	1.6009290493023	0.00889002716467166	0.00768132911597088	1.15735532620099	0.044	0.076
"PSMA1"	0.000613317768598238	0.000560129157963165	1.09495776086445	0.0120473057401695	0.00911686327160374	1.32143099893724	0.185	0
"PSMA3"	0.00816842914565331	0.00504887024652013	1.61787266196498	0.0156154665050788	0.0116519757998684	1.34015610513499	0	0
"PSMA4"	0	0.000190447941838003	0	0	0.00647179177043441	0	1	1
"PSMA5"	0.000861032709786741	0.000422129885812132	2.03973406936163	0.00801587301587301	0.00638329991321115	1.25575691646307	0.002	0.008
"PSMA7"	0	0.000190447941838003	0	0	0.00647179177043441	0	1	1
"PSMC5"	0.00353687638224435	0.00220249397862218	1.60585064775383	0.0185097543230041	0.0154366404901317	1.19907918661687	0	0
"PSMD11"	0.00362772407533008	0.000476588049561746	7.61186538073292	0.0263157894736842	0.00854357820961464	3.08018359849148	0	0
"PSMD2"	0.000517937337691326	0.000252668732753548	2.04986716024147	0.0137282847827157	0.00877886831738114	1.56378752777682	0	0
"PSMD4"	0.000409501617640877	0.000105265474675995	3.89017974698079	0.0120704767607186	0.00701439199968255	1.7208158257002	0	0
"PSME3"	0.00163178145574458	0.000566584651737785	2.88003116699279	0.013057368542701	0.00759952404185593	1.71818241126481	0	0
"PTEN"	0	7.52674297499784e-05	0	0	0.00649138474839949	0	1	1
"PTGER3"	0.000216650743845123	6.91083306834091e-05	3.13494395976106	0.0111603950184143	0.00717190331150022	1.55612736726645	0	0
"PTGES3"	0	7.88034243927148e-05	0	0	0.00774894325519531	0	1	1
"PTK2"	0.000141146570132892	8.6735727259179e-05	1.62731753791751	0.0117066852810564	0.00719943924699945	1.62605515227251	0.012	0
"PTPN6"	0	0.00404818922289856	0	0	0.00716016778100428	0	1	1
"RANBP9"	0.000614047599211144	0.000474848761162703	1.29314352154484	0.0107451925521909	0.0115505437621009	0.930275905057176	0.059	0.857
"RANGAP1"	0.00122053252836769	0.000322111079709151	3.78916654922198	0.0104712041884817	0.00649510866338644	1.61216766818835	0	0.001
"RARA"	0.00841946243005816	0.00627570298098931	1.34159670327975	0.0352754731455306	0.0329702508689722	1.06991825102331	0	0.001
"RB1"	0.00489503705325884	0.00594201615540378	0.823800697479963	0.0320768745845657	0.037467536850692	0.856124455482407	1	1
"RBBP6"	0.00212463046020154	0.000582360011822123	3.64831103968466	0.0118492618492619	0.00664046904616356	1.78440133775002	0	0
"RBL2"	0.000447876656879098	0.000212757783722989	2.10510115795451	0.0145660763461838	0.00975636707567784	1.49298158148399	0	0
"RBM14"	0.000650924948308311	0.000201551433331026	3.22957241013135	0.0115494486680927	0.00753923968804018	1.53191159135239	0	0
"RBM39"	0.00213271343812957	0.00112893609593968	1.88913566126556	0.0107340789063867	0.00716134071216802	1.49889236356932	0.087	0
"RBM48"	0.00211483152382736	0.0015009349613803	1.40900943627997	0.0157068062827225	0.00911498533177723	1.72318503113378	0.249	0.002
"RBPJ"	0.00592752278321306	0.00592501656595945	1.00042298907112	0.0165540001450941	0.0156401446070236	1.05843012075861	0.483	0.124
"RBPMS"	0.0053653256706476	0.00585589532297977	0.916226362447589	0.014226583526078	0.00979397558230925	1.45258515365051	0.633	0
"RCC1"	0.000502484192222518	0.000424860121551485	1.18270500509101	0.0114958361779678	0.0100808377650559	1.1403651607029	0.24	0.049
"RCHY1"	0	7.52674297499784e-05	0	0	0.00649138474839949	0	1	1
"RECQL"	0.000916590240227164	0.000934413552216851	0.980925670494181	0.0112292441927645	0.0124869048274468	0.899281635276194	0.505	0.987
"RECQL5"	0.000305500262570418	0.000211087731916073	1.44726678238166	0.00940326434984231	0.00762877705550955	1.23260442419814	0.049	0.008
"REL"	0.000458371455895357	0.000542990338680704	0.844161347343777	0.0133412619032444	0.0114209676207113	1.16813761725853	0.842	0
"RELA"	0.0234229907950618	0.0211641769625435	1.1067281679092	0.0712146589210751	0.0726960654712602	0.979621915703666	0.001	0.882
"RFWD2"	0.00223168500416639	0.00287583809120333	0.776012047059506	0.0168003186169374	0.0184705305064694	0.909574232914049	0.988	0.973
"RING1"	0.00073201336587524	0.000412320437463674	1.77535067235112	0.0157190593636189	0.0126277221288615	1.24480561127426	0	0
"RNF6"	0.000569879841372811	0.00024422087758983	2.33346078761508	0.011905271470835	0.00833537599991261	1.42828247591469	0	0
"RNPS1"	0.00150442720534104	0.000482572510121013	3.1175153449246	0.00939157057136017	0.0060281022801955	1.55796470179593	0	0
"RPA2"	0.000813385855766808	0.00154944929680132	0.524951579536009	0.0119715304046821	0.0136234271172151	0.878745876619722	1	0.996
"RPL11"	0.000897569773547708	0.000712519776673161	1.25971208509968	0.00956662735849055	0.0078671842251849	1.21601669474897	0.074	0.024
"RPL30"	0.000563251622150278	0.000392299027323501	1.43577114119583	0.00992604798365878	0.00767124829803196	1.29392865385485	0.126	0.005
"RPS3"	0.000326550492230892	0.000152112858431609	2.146764550991	0.0133210502909205	0.00852232651078057	1.56307673427786	0	0
"RPS6KA5"	0.000875009131497703	0.000309030343381323	2.83146671593345	0.0126514474946245	0.00946147023019961	1.33715449996799	0	0
"RPS7"	0.00233281011203982	0.00106803676981152	2.18420393190348	0.0109649650031547	0.00688621766521109	1.59230589798945	0	0
"RUNX1"	0.00105771876052798	0.000260044051694293	4.06745993087138	0.0136930754834685	0.00679245475616422	2.01592443012475	0	0
"RUNX1T1"	0.00333001343103273	0.00183005254831576	1.81962722004754	0.020052487467583	0.0150703173670243	1.33059490249756	0	0
"RUNX2"	0.00246707529462148	0.00121282147106504	2.03416195497843	0.0127215053599229	0.00949489695423373	1.33982553167683	0.001	0
"RUVBL1"	0.000752857448765706	0.00035703204079768	2.10865514222106	0.0127569204810698	0.00729785599964168	1.74803674965582	0	0
"RUVBL2"	0.000975884490518928	0.000485442346540987	2.01029946701721	0.0126273837535731	0.0117478865970715	1.074864287226	0	0.016
"RXRA"	0.00339454345689893	0.00262774281707861	1.29180962262997	0.0297639447616343	0.0290168832961994	1.02574575145818	0	0.096
"RXRB"	0.00146024684397926	0.00105173211644562	1.38842089268343	0.0132652806133284	0.0114815149347695	1.15535978385197	0.095	0.019
"RYBP"	0.00134769862484038	0.00101121893719522	1.33274662416671	0.0152023385223551	0.0125589513156067	1.21047833854276	0.006	0
"S100A4"	0.00138528901821622	0.000535633645323431	2.58626214075805	0.0115681075866958	0.00734613694114383	1.57471983974404	0	0
"SAP130"	0	0.000588874328017086	0	0	0.00723293056421371	0	1	1
"SAP30"	0.000461947061390742	0.000323683340214225	1.42715736029234	0.0101146941489362	0.00920324485839501	1.09903564498882	0.152	0.258
"SAP30L"	0	0.00321577586199292	0	0	0.00722966213545582	0	1	1
"SART3"	0	0.000378491563201545	0	0	0.00655777009901648	0	1	1
"SATB2"	0.000609382565643624	0.000923486906007743	0.65987136545119	0.0120937485263265	0.0125233653541992	0.965694778063102	0.989	0.682
"SCAND1"	0.0131867523058069	0.0075348816029905	1.75009416213963	0.0124865821492825	0.00886316989988364	1.40881674280513	0	0
"SDCBP"	0.00115630061082246	0.000520809850710578	2.22019727400478	0.012619025535169	0.00857171908642698	1.47216974890728	0.001	0
"SENP3"	0.000690097199282466	0.0005172959617264	1.33404714194823	0.0112684103605892	0.008842020015366	1.27441583948085	0.069	0.001
"SERTAD1"	0	0.00163928982345022	0	0	0.00718296487235617	0	1	1
"SET"	0.00105916763588749	0.000719846860368616	1.47137911436485	0.016139013129447	0.0134371235219495	1.20107648806562	0	0
"SETD7"	0.000141146570132892	8.6735727259179e-05	1.62731753791751	0.0117066852810564	0.00719943924699945	1.62605515227251	0.012	0
"SETDB1"	0	0.000212184830333334	0	0	0.00641642436818455	0	1	1
"SF3B1"	0.000374644700183287	0.000300141644185109	1.24822632061091	0.00906610066578113	0.0068449595865565	1.3244929427468	0.059	0
"SFN"	0.000341471655176911	0.000166524249217846	2.0505821631431	0.00888888888888889	0.00756844142114814	1.17446755471359	0.006	0.039
"SFPQ"	0.000350671755920252	0.000203200521337601	1.72574240268626	0.00847457627118644	0.00580338294164517	1.46028210724692	0.091	0.041
"SHMT2"	0.000352860741898105	0.00014067460660796	2.50834710262584	0.00966183574879227	0.00516873339030426	1.86928499096439	0.03	0.014
"SIAH1"	0.00252124236619037	0.00129949778030066	1.94016673549611	0.0190428128419664	0.0143499609125552	1.32702889980037	0	0
"SIN3A"	0.0219625427609848	0.0108056278314726	2.03250964252316	0.022111409096204	0.0209463452750007	1.05562134137996	0	0.02
"SIN3B"	0	0.000180295444889736	0	0	0.00514307673680325	0	1	1
"SIRT1"	0.00297458320832664	0.00383270795101682	0.776104844497082	0.0192017319301896	0.0229131207549561	0.838023424898863	1	1
"SIRT6"	0.00991435486873952	0.00392850989685921	2.52369349423452	0.00991435486873952	0.00639529833624896	1.55025682110001	0	0
"SIRT7"	0.000884566230075136	0.000259535351766445	3.40826875435125	0.0128406962929712	0.00678641214838162	1.89211854691633	0	0
"SKI"	0.00134828180461808	0.000746740534457353	1.80555593596892	0.0118341856749846	0.0089348095086675	1.32450341146104	0	0
"SKP2"	0.0015680731274953	0.00151558224563719	1.03463413616069	0.0155315553992103	0.0171012865949858	0.908209760297464	0.292	1
"SLC2A1"	0.000352860741898105	0.00014067460660796	2.50834710262584	0.00966183574879227	0.00516873339030426	1.86928499096439	0.03	0.014
"SMAD1"	0.00223412662788942	0.00183116682377693	1.22005630447222	0.0141937221861018	0.0113041077072187	1.25562517216975	0.137	0
"SMAD2"	0.00850600160078096	0.0100365311450316	0.847504130447668	0.0340903041705608	0.0368822712814005	0.924300564638824	1	1
"SMAD3"	0.02619833419987	0.0260900757467238	1.0041494112243	0.0507843550774506	0.0582163218698258	0.872338777963447	0.387	1
"SMAD4"	0.00983572177351138	0.0107226730610167	0.917282632562034	0.0418462478428646	0.0469324958592363	0.891626304477248	0.96	1
"SMAD7"	0.000315903972271622	0.000334772380870827	0.943638096577373	0.012710371611441	0.00840947047815144	1.51143542800509	0.529	0
"SMARCA1"	0.000484168094877024	0.000364129949595554	1.32965743525024	0.00991410360261455	0.00882051788046955	1.12398203109666	0.03	0.032
"SMARCA2"	0.00150723967755277	0.000608835315127497	2.47561145042503	0.012303954019983	0.0108586347006652	1.13310322698573	0	0.088
"SMARCA4"	0.00669707685309863	0.00703687179629816	0.951712216303517	0.0317919495675909	0.0399339561264531	0.796113199176158	0.855	1
"SMARCA5"	0.000441353903726345	0.000615436257784424	0.717139911962976	0.010521435447112	0.00983594441348937	1.0696924468872	0.998	0.09
"SMARCB1"	0.00151673173624883	0.000334050805335005	4.54042233105161	0.00956937799043062	0.00699572652787561	1.36788908947482	0	0
"SMARCC1"	0.00237023189151804	0.00149543982454899	1.58497309795323	0.0124153644357853	0.0127367115428481	0.974770009826964	0	0.755
"SMARCC2"	0.00157577384066537	0.00101160141467231	1.55770229045777	0.0170928490760145	0.0146057473014532	1.17028240481155	0	0
"SMARCD1"	0	0.000320082040403248	0	0	0.00897956860730039	0	1	1
"SMARCE1"	0.00174551126599561	0.00128506614639449	1.35830460625937	0.0173116584353826	0.0158842920045628	1.08986024875455	0	0.002
"SMC1A"	0.00186032536043267	0.000646859743863123	2.87593311854992	0.0114113494950852	0.00863250900800322	1.32190415144725	0	0.001
"SMC3"	0.00165209896397449	0.000440449136356006	3.75094154490323	0.0106928731156947	0.0061495250109969	1.73881285084184	0	0
"SMURF1"	0.000804202243556135	0.00032780606094272	2.45328668189774	0.0138300049513807	0.0106293641369146	1.30111310265029	0	0
"SMURF2"	0.000400477333599279	0.000110291254059906	3.63108876594833	0.0133384873918003	0.00822934613856251	1.62084413113898	0	0
"SMYD3"	0.00113774928744993	0.000788516052489108	1.44289933458983	0.0121272133190628	0.00768692993865079	1.57764067265472	0.123	0
"SNCA"	0.00138826859575224	0.000362767574637803	3.82688170831786	0.0127373731444046	0.0081170632703417	1.56920954293219	0	0
"SNRNP200"	0	0.000180295444889736	0	0	0.00514307673680325	0	1	1
"SNRNP70"	0	0.000148265213136215	0	0	0.00577931139958065	0	1	1
"SNRPB2"	0.000201237610581061	7.85636212203983e-05	2.56146047566367	0.00994261986668734	0.00520381640717293	1.91064001661981	0	0
"SNW1"	0.00104408176499854	0.00144763473751189	0.721232875906973	0.0117449873240567	0.008453165622758	1.38941881044378	0.844	0
"SORBS3"	0.000294077092809052	0.000112070869273263	2.62402794513892	0.00849763173706834	0.00518531263004425	1.63878869864705	0.03	0.079
"SOX9"	0.00046652699063967	0.000163733175249693	2.84931254724779	0.0123119501309667	0.00741860021509859	1.65960555549402	0.001	0
"SP1"	0.0180425131943057	0.02248212019779	0.802527209870504	0.0342465753424658	0.0553053324706495	0.619227365835662	0.885	1
"SP100"	0.000611048523058026	0.000128386638663209	4.75944015218719	0.0111191461305878	0.00542966829907419	2.0478499823799	0	0
"SP4"	0.000755739550124724	0.000205207992113957	3.68279784008142	0.0104570381356479	0.00718278183200709	1.45584794028553	0	0
"SPOP"	0.00167610333513511	0.00128489183324852	1.30447037778854	0.0120388808701881	0.00834470402810051	1.44269716812574	0.062	0
"SPTBN1"	0.000332371978460416	0.000464696696120522	0.715244978574612	0.0143923366119642	0.012961170554577	1.11041950658398	0.773	0.098
"SQSTM1"	0.000578385100264242	0.000287010274674688	2.01520695006412	0.0130651340996168	0.00704046063063484	1.85572149111482	0.002	0
"SRC"	0.000506910291824905	0.000486809507339551	1.04129086261114	0.0144864119020762	0.0143126525455691	1.01214026232761	0.37	0.396
"SREBF1"	0.00331383316771021	0.00116077420686864	2.85484734938224	0.0176456247053603	0.011056306504162	1.59597824994431	0	0
"SREBF2"	0.00195237805049226	0.000778338119419861	2.50839320570278	0.0231350678998787	0.0169609815531661	1.36401704272593	0	0
"SRF"	0.00200052646759773	0.00169169378652122	1.18255826411208	0.0153308602904878	0.0130360203094296	1.17603838645436	0.156	0
"SRPK1"	0.00695372901386452	0.00460083187629916	1.51140689354161	0.00961538461538462	0.00606604581246596	1.58511572656188	0	0
"SRPK2"	0	0.00281346093581145	0	0	0.00861070196811585	0	1	1
"SRRM2"	0.0105023678864825	0.00529684848236575	1.98275784581094	0.0117905083377863	0.00754490295882472	1.56271172765659	0	0
"SRSF11"	0.000698506652372797	0.000579730109103842	1.20488248135423	0.0096898836907659	0.00700394413291817	1.38348957485597	0.239	0.005
"STAT1"	0.00179450088471113	0.00207977324804696	0.862834872213245	0.0187651654545681	0.0196177957354012	0.956537916270862	0.871	0.867
"STAT3"	0.0131018281056304	0.00782610710800079	1.67411816945824	0.0332942972352459	0.0353506597582083	0.941829585726901	0	0.999
"STAT5A"	0.000347642533984825	0.000569170328683275	0.610788223604462	0.0114956114725224	0.0114460569079835	1.00432940050336	0.902	0.478
"STAT5B"	0	0.000223141248009689	0	0	0.00772704137154296	0	1	1
"STIP1"	0.000341471655176911	0.00014796199074086	2.30783360961237	0.00888888888888889	0.00634529994247505	1.40086189297171	0.038	0.017
"STK19"	0.00042919109493158	0.000230837797905833	1.85927564214013	0.0126700854811119	0.00693013427915413	1.82825973794239	0.061	0
"STK40"	0	0.000161046119548131	0	0	0.00592585594037655	0	1	1
"STUB1"	0.0027535571834958	0.00487004992833567	0.565406355995373	0.016801040016064	0.0217959699415536	0.770832408978188	1	1
"SUFU"	0.0137902709469046	0.00520418257019787	2.64984380561044	0.0164413402423774	0.00817288052893719	2.01169467535523	0	0
"SUMO1"	0.00622130987910174	0.00849984801093941	0.73193189702861	0.0252866275084486	0.0362946801803001	0.696703411707526	1	1
"SUV39H1"	0.0158851107698004	0.00710361509693233	2.23620094177968	0.0138827966638378	0.00676556407165967	2.05197918707052	0	0
"SUZ12"	0.00121013710522065	0.000744574189796653	1.62527404495601	0.0117091364789025	0.0101641997052634	1.1519978767083	0	0.001
"TADA3"	0.000822391371173156	0.00135686872807166	0.606095014321625	0.0109359051833038	0.00926934125809341	1.17979313511144	0.373	0.017
"TAF1"	0.000203005421777789	0.000312639860184134	0.649326741824365	0.0111658445489555	0.00837275144351987	1.33359321894088	0.985	0
"TAF12"	0	0.000513506819312648	0	0	0.0049877041236067	0	1	1
"TBK1"	0.000872559304871593	0.000645533000297528	1.35168814680183	0.0136652242283345	0.010155344139447	1.34561901996544	0.189	0
"TBP"	0.00568714076318383	0.00605277005979353	0.939593063506831	0.0270128073561948	0.030052160653141	0.898864067311963	0.866	1
"TCEA2"	0.00251471555624241	0.00114860531449076	2.18936437479162	0.0143531597786832	0.00893449368971621	1.60648832235496	0.001	0
"TCF12"	0.00151471923267616	0.000867096108387816	1.74688736118591	0.018189522550795	0.0122326094321811	1.48696994305586	0	0
"TCF3"	0	0.00013159120548715	0	0	0.00675536797003634	0	1	1
"TCF4"	0.000407048580419423	0.000240299287212656	1.69392337838772	0.011300269501347	0.00787576492378576	1.43481548912395	0.017	0.002
"TCF7L2"	0.000509685197835832	0.000190210947992543	2.67957866366248	0.0109650407400151	0.00665989700135296	1.64642797595632	0	0
"TDG"	0.000907118524050923	0.000429405857528045	2.11249685617453	0.0198817106460418	0.00964833767399039	2.06063586472913	0	0
"TEAD1"	0.000518035560835668	0.000452300559065922	1.14533477894765	0.0115913708744898	0.0117340138567697	0.987843632705655	0.243	0.557
"TEAD2"	0.00716107681162091	0.00788269416285666	0.908455492966349	0.017183032452105	0.0186173112753369	0.922959937553822	0.8	0.949
"TFAP2A"	0.00139575352798199	0.000596652465994997	2.33930739841054	0.0162341834846006	0.011958004724563	1.3575996881197	0	0
"TFAP2C"	0	0.000254594732597404	0	0	0.00831464721550873	0	1	1
"TFAP4"	0.000473014795310705	0.00038342412773524	1.23365944158144	0.0131944203601772	0.0106666465491306	1.23697924173297	0.246	0.017
"TFCP2"	0.00259061307122061	0.000811617348233933	3.19191436316356	0.0116577385450885	0.00780819940606645	1.49301240130103	0	0
"TFDP1"	0.00108161859920549	0.000941027348051396	1.14940187598715	0.0143555589744829	0.0117572510034317	1.2209962150415	0.125	0
"TFDP2"	0.000361267855006156	0.000184840284261533	1.9544865798572	0.0166767693573729	0.0114955988399541	1.45070905740127	0	0
"TFE3"	0	0.00393305989604803	0	0	0.00465470422769329	0	1	1
"TFEB"	0	0.000426650788060004	0	0	0.00663349726929553	0	1	1
"TFIP11"	0.000922101513044294	0.000480284340461682	1.91990751178335	0.0111731843575419	0.00702427470961567	1.59065310219811	0.042	0.001
"TGFB1I1"	0	7.88034243927148e-05	0	0	0.00774894325519531	0	1	1
"TLE1"	0.00295752262460886	0.00344665063603422	0.85808599040715	0.0144988738771436	0.0137620748148606	1.05353837064506	0.927	0.047
"TLE4"	0	0.000243559266084936	0	0	0.00780206726971042	0	1	1
"TMF1"	0.0018915949567769	0.000387329494953536	4.88368425700143	0.0173951828724353	0.00872214780889134	1.99436919134788	0	0
"TOLLIP"	0	0.000435265409728243	0	0	0.00650783671507442	0	1	1
"TOP1"	0	0.000494605016257633	0	0	0.00611225692697044	0	1	1
"TOP2A"	0	5.73782136518086e-05	0	0	0.00603888334611413	0	1	1
"TOP2B"	0	0.000160916052854281	0	0	0.00743081676803627	0	1	1
"TOPORS"	0	0.00252161532879656	0	0	0.00592689892286583	0	1	1
"TOX4"	0.0102151199793374	0.00697384463012991	1.4647759623442	0.0107792614706492	0.00703263842440498	1.53274785651463	0.006	0
"TP53"	0.0521500479815751	0.0398271234453176	1.30941035832469	0.0860654153534011	0.0840476152811656	1.02400782063221	0	0.06
"TP53BP2"	0.000874572800339077	0.000547771927052414	1.59660025851488	0.00955643707176342	0.00644324795478921	1.48317077641878	0.036	0
"TP73"	0.000588777702342893	0.000460769044751532	1.27781522879947	0.0123016870088973	0.0102604663349294	1.19894034124151	0.063	0.001
"TPI1"	0.00100753797387549	0.000219476362691517	4.59064457566041	0.0146107454146212	0.00847535373372087	1.72390980644141	0	0
"TRAF6"	0.000766498514986333	0.000286338055560498	2.67690060787043	0.0109395109395109	0.00816740231776688	1.33941129797338	0	0.002
"TRIB1"	0	0.000214217257523518	0	0	0.00730265236135185	0	1	1
"TRIB3"	0	0.000149581462504624	0	0	0.00606965191631517	0	1	1
"TRIM21"	0.000316301351014252	0.000297977294654227	1.06149480745266	0.00714285714285714	0.0072294345636333	0.988024316422799	0.325	0.522
"TRIM23"	0.00322736061960541	0.00171600008194454	1.88074619200964	0.011981008319964	0.00937747771943072	1.2776365541385	0.084	0.012
"TRIM24"	0.000724117687959438	0.000450767041150307	1.6064122303875	0.0125443330010022	0.00944012654787441	1.32883102121409	0	0
"TRIM26"	0.000892736869297283	0.000461603286983902	1.93399157776885	0.0108867140164589	0.00753305029541635	1.44519332667713	0.063	0
"TRIM27"	0.00171264839395821	0.00161476466940908	1.06061795034502	0.010880577774064	0.00927891290523659	1.17261341766917	0.351	0.003
"TRIM28"	0.00820882454181608	0.00813016465402492	1.00967506700522	0.0171493126021698	0.0269052293564905	0.63739700468425	0.438	1
"TRIM33"	0.0018457616869761	0.000851814867808696	2.16685779590152	0.0133807054625776	0.00904314791132775	1.47965128888542	0	0
"TRIP12"	0	0.000541720306288298	0	0	0.00514906781540407	0	1	1
"TRIP4"	0.000887723534475743	0.000541398863200161	1.6396848881959	0.0136854076749184	0.0113715867136604	1.20347388799124	0.001	0
"TRIP6"	0.00331494395885372	0.00172232542248399	1.92469083692257	0.010474150460156	0.009207280660842	1.13759435016486	0.051	0.15
"TRRAP"	0.000618444243357467	0.000504422288625622	1.22604464018138	0.0120161174386295	0.0112729222952027	1.06592746086284	0.001	0.031
"TSC22D3"	0.000798146718387919	0.000336673309797758	2.37068604834571	0.0151774416027439	0.0102739894388013	1.47726856185233	0	0
"TSG101"	0	0.000130338226947783	0	0	0.00769801592754441	0	1	1
"TUBA1A"	0	0.000135656661147576	0	0	0.0057718918742664	0	1	1
"TUBB"	0	0.000123212634265164	0	0	0.0076265420267642	0	1	1
"TWIST1"	0.0048812703647051	0.00412545405522723	1.1832080297974	0.0192598187924205	0.0174745420812908	1.10216443457142	0.032	0
"TXN"	0.000302170251099228	0.000291767834633248	1.03565306120552	0.0105528120954214	0.00919939211920998	1.14712058782506	0.366	0.007
"TXN2"	0.00303104326708632	0.000962345885065216	3.14964018044397	0.0110715179020882	0.00668955693530383	1.65504502154078	0	0
"TXNL4B"	0.000287943777966784	0.000165505385496863	1.73978494477596	0.0119032298091447	0.00804006339649225	1.48048954618167	0	0
"U2AF2"	0.00220280264153576	0.00116442349985396	1.89175385228143	0.0141823081395133	0.0077028491117896	1.84117693773938	0.022	0
"UBA52"	0.00122979651242362	0.00169603654588099	0.725100243512038	0.0182321290712488	0.019552238168257	0.932482967645547	1	0.998
"UBE2I"	0.0160255121724745	0.0183412126416835	0.873743327965887	0.0481166143018899	0.0573311185571208	0.839275693774399	0.999	1
"UBE2K"	0.000744358711899492	0.000259939174486595	2.86358804273989	0.0118343195266272	0.00634478987387172	1.86520275089988	0	0
"UBE2Z"	0.000779202567512656	0.000455373179182129	1.7111296912834	0.0078125	0.00569940564102875	1.37075696871961	0.133	0.127
"UBE3A"	0.00216019903233225	0.000622929571916997	3.46780620108382	0.00961538461538462	0.00964414346146075	0.997017998934684	0	0.508
"UBP1"	0	0.00137764841559945	0	0	0.0102987197098139	0	1	1
"UBR5"	0	0.000309797114881861	0	0	0.00649931399859451	0	1	1
"UBTF"	0.00063984122239126	0.000256063012792533	2.49876471972026	0.0132404181184669	0.00665777106597202	1.98871634174069	0	0
"UCHL5"	0	0.000763296037976873	0	0	0.00632629417659427	0	1	1
"USF2"	0	0.000556599266372225	0	0	0.00698122214841304	0	1	1
"USP10"	0	7.52674297499784e-05	0	0	0.00649138474839949	0	1	1
"USP11"	0.00158203024316088	0.000909439701067357	1.73956584620635	0.0150627186883744	0.0104349968372534	1.44348090596441	0	0
"USP22"	0	0.000235072444040905	0	0	0.00357236243198262	0	1	1
"USP28"	0	0.000176787784565036	0	0	0.00507600738625703	0	1	1
"USP47"	0.000325568267349436	0.000274689608980063	1.1852223626452	0.00981463680603869	0.00863121946170371	1.13710893919286	0.205	0.138
"USP7"	0.00154093960693973	0.00226540870067556	0.680203800082612	0.0144415871649678	0.0160100415464909	0.902033084863116	1	1
"UTP23"	0.00104228716916148	0.000346494235412119	3.00809382274941	0.0133207225184467	0.0075220344809661	1.77089357302917	0	0
"UXT"	0	0.000112236338523853	0	0	0.00699848441281679	0	1	1
"VDR"	0.000379679067945881	0.000221802902493465	1.71178584084159	0.0111032372515164	0.00942251848191934	1.17837256279435	0.002	0.018
"VHL"	0.000942112778175599	0.000534437688300374	1.76281126649529	0.0182105219698309	0.0140923555628847	1.29222697288396	0	0
"VRK1"	0	0.000123212634265164	0	0	0.0076265420267642	0	1	1
"VRK2"	0	0.000400162588421111	0	0	0.00505282198269785	0	1	1
"WDFY3"	0	0.000520648205967977	0	0	0.00725463832924771	0	1	1
"WDR5"	0.00561320485396967	0.00420772746324239	1.33402291450793	0.0137971914264227	0.0129359358445302	1.06657852916429	0	0.016
"WDR77"	0	0.000113671109542066	0	0	0.00552201124850021	0	1	1
"WWP1"	0.000818988311604049	0.00035929868399672	2.27940804707074	0.01976441425925	0.0137689891538545	1.43542957572286	0	0
"WWTR1"	0	0.000802869986680687	0	0	0.00899120806245588	0	1	1
"XBP1"	0.00112478693054525	0.000533873990135308	2.10683972496989	0.0072202166064982	0.00541161806899331	1.33420661148789	0.149	0.184
"XIAP"	0.000362693243502814	0.00019868003879342	1.82551425752403	0.00972071667650994	0.00661691802445093	1.46907013818062	0.053	0
"XPO1"	0.000511600763466404	0.000541829011824406	0.944210723866151	0.0129543629976315	0.0129156701752319	1.00299580446656	0.757	0.469
"XRCC1"	0.000675111566195479	0.000353380056058542	1.91044048644227	0.0102396427484516	0.00828176400493266	1.23640842003621	0.001	0
"XRCC5"	0.0124229815923682	0.0107961447811298	1.1506868279575	0.0252617251673222	0.0248550343690119	1.01636251200752	0	0.264
"XRCC6"	0.00591429174737329	0.00747145320832637	0.791585195338205	0.0234348580010328	0.0248912607311872	0.94148939477663	1	0.988
"YAF2"	0.00108343134866892	0.000459982107747605	2.35537715580756	0.0150085096905502	0.0104835792651545	1.43162075765819	0	0
"YAP1"	0.00515047994511061	0.00307768189799411	1.67349327052528	0.0186901810502324	0.0159341455763734	1.17296412039473	0	0
"YBX1"	0.00185940980455887	0.00117338291134776	1.58465730715571	0.0139649351448263	0.0138475163403628	1.00847941259483	0.005	0.408
"YEATS4"	0.00139473393402654	0.000401328488954922	3.47529261542954	0.0140394088669951	0.00744452388415753	1.88587061919056	0	0
"YWHAB"	0	0.00027324900537493	0	0	0.00685549735377658	0	1	1
"YWHAZ"	0	0.000543516982200955	0	0	0.0100556925289329	0	1	1
"YY1"	0.00278400986970879	0.00189043363424227	1.47268320838181	0.0240399386259879	0.0203132675869958	1.18345994917026	0	0
"ZBTB10"	0.00018162499893058	0.000123701919297014	1.468247218497	0.00809943865276664	0.00686472249160319	1.17986395847374	0.061	0.115
"ZBTB16"	0.00150916249996086	0.00163917258928025	0.920685539662127	0.0131671329220428	0.0141917932989563	0.927799090972602	0.541	0.845
"ZBTB17"	0.00207693405221107	0.00103201204803721	2.01250950137762	0.0160568071050971	0.0117591113689743	1.365477934622	0	0
"ZBTB24"	0.00143128216137069	0.000394191513467132	3.63093093705081	0.0122095985761352	0.00555197819300497	2.19914382796356	0	0
"ZBTB33"	0	0.000469977822212029	0	0	0.00729524070258611	0	1	1
"ZBTB7A"	0	0.000186590197577164	0	0	0.00767647288400968	0	1	1
"ZBTB7C"	0.000274459276116327	0.00017141850439855	1.60110646793538	0.00985221674876847	0.00690730015028106	1.42634843345668	0.054	0.017
"ZEB2"	0	0.00055462849442022	0	0	0.0060048359653213	0	1	1
"ZHX1"	0.000556906844671542	0.000271646097024505	2.05011907320467	0.00934197520431871	0.00689282838610784	1.35531811921315	0.003	0.002
"ZMAT2"	0.000201237610581061	7.85636212203983e-05	2.56146047566367	0.00994261986668734	0.00520381640717293	1.91064001661981	0	0
"ZMIZ1"	0	7.52674297499784e-05	0	0	0.00649138474839949	0	1	1
"ZMYND11"	0.000124688145171801	4.8185637661087e-05	2.58766203425165	0.00714285714285714	0.00590571543481531	1.20948210622351	0.012	0.15
"ZMYND8"	0.000345527022486649	0.000140398140960106	2.46105126552088	0.012871069249432	0.00718264051380374	1.79196901539151	0	0
"ZNF281"	0	0.000155351587196188	0	0	0.00597978724165796	0	1	1
"ZNF451"	0.000285537806505165	0.000159886097541992	1.78588264329969	0.00919436310650084	0.00650936990306986	1.41248127597799	0.014	0
"ZNF587"	0.0015105827321452	0.000662873464616555	2.27884025048281	0.0109866876866494	0.00661828545833596	1.66005043992342	0.005	0.009
"ZNF688"	0.000887477884316972	0.000326288335090722	2.71991912941115	0.0113649668762294	0.00772870344552484	1.47048815578634	0	0
"ZSCAN32"	0.0113590536362414	0.00594316680704261	1.91127962667664	0.0115606936416185	0.00613968697770774	1.88294512140336	0.016	0.006
