"all_genes"	"mean_bet_in"	"mean_bet_out"	"ratio_bet"	"mean_deg_in"	"mean_deg_out"	"ratio_deg"	"pvalue_ratio"	"pvalue_degree"
"ABL1"	0.000267744096825244	0.000609434255895977	0.43933220726428	0.00650552787440869	0.00905794276775944	0.7182125170369	0.996	0.998
"ACLY"	0.00022872397050048	0.0018743389895152	0.122029137621279	0.00311234123430218	0.0062669447597667	0.496628158314585	0.778	0.948
"ACTB"	5.8125171981507e-05	0.000291518025994596	0.199387917035993	0.00482215714728889	0.00753094757750694	0.640312138367749	1	1
"ACTL6A"	0.00048676546116378	0.000850473328676808	0.572346533101872	0.0101604603094957	0.0108835501363804	0.933561216898558	1	0.94
"ACTN4"	0.000100473559460203	0.000473924981031818	0.212003088002354	0.010318664643377	0.0148059789205905	0.696925525743317	1	1
"ACTR5"	0.000811464747830995	0.00128643612295783	0.630785107281687	0.0161505041982161	0.015821622289499	1.02078686386891	1	0.227
"ADNP"	0.000260938378629807	0.000546075128892387	0.47784336774149	0.00460833540431268	0.00644575583047502	0.714941044233297	0.995	1
"AES"	0.00513066811574283	0.00491953748288231	1.04291676475586	0.0150787402267861	0.0141816501204236	1.06325710328099	0.332	0.067
"AGTRAP"	0.00588693066748785	0.00942493788559783	0.624612144816744	0.00492866590131912	0.00858700178994817	0.573968193076255	1	1
"AHCY"	7.40510100287906e-05	0.000414102884322474	0.178822734234145	0.00467474965752373	0.00694444225854619	0.673164162574862	0.998	0.966
"AKAP8L"	2.65974881047251e-05	7.76218821448558e-05	0.342654511457087	0.00384199173940266	0.00587954828939691	0.653450154722132	1	0.999
"AKT1"	0.00128773150000796	0.00159088986685169	0.809441009613278	0.0207279572919547	0.0180259512036925	1.14989534020866	0.871	0.009
"ANKRA2"	4.9944049665316e-05	0.00201567434207696	0.0247778366885662	0.00326854831252018	0.00702770082827345	0.46509497094275	0.994	0.997
"ANKRD17"	4.08646443711401e-05	0.000181899079778329	0.224655586058707	0.00406309895259849	0.00711575467758116	0.571000426054549	1	1
"ANKRD28"	0.00016137451013648	0.000586840000166663	0.274988940921971	0.00574735156784155	0.0104701807076796	0.548925728056063	0.933	0.932
"ANXA1"	0.00208693464527729	0.00300495177517307	0.694498548202857	0.00424501470715898	0.00694403034999959	0.611318570512761	0.808	1
"APEX1"	2.44267414447057e-05	0.000100336296247904	0.243448705584606	0.00440819977228475	0.00783841070879324	0.562384383270396	1	1
"APLP2"	1.39662275509007e-05	4.63864118411502e-05	0.301084455480797	0.0044547675977591	0.00661820454811745	0.673108176903698	0.997	0.996
"APP"	0.022928258162889	0.0216972431923185	1.05673600833337	0.0378797229480543	0.0306082910789776	1.23756412438429	0.083	0
"APPBP2"	0.000949396797361682	0.00389531181203229	0.243728061622455	0.00551569356640199	0.00921107061316504	0.598811343224165	1	1
"APPL1"	0.000170288659677701	0.000589505429543053	0.288866991114396	0.00502376524787946	0.00760723179097031	0.660393344901441	1	1
"AQP1"	0.000149279413121371	0.000487577885417795	0.306165266280394	0.00521143214970665	0.00895119659519951	0.582205082223478	1	1
"AR"	0.0104368620698362	0.0109560627747074	0.952610648957779	0.0419841909381299	0.0331898634514271	1.2649702822542	0.767	0
"ARID2"	2.89483460508054e-05	0.000158723951812057	0.182381711898673	0.00421159761812593	0.00903083415824058	0.466357541765162	1	1
"ARID4B"	6.06852310814472e-05	0.000279160382775306	0.217384825447429	0.00474301810845113	0.00870239363029285	0.545024542666144	0.997	0.993
"ARIH2"	7.07812233056912e-05	0.000316630566388916	0.223545136885966	0.00364523669976614	0.00714307015489188	0.510317919427086	1	1
"ARL6IP4"	0.000215672181063186	0.00085585544535797	0.251996037687157	0.00443308501439533	0.00772835462180799	0.573613043310148	0.999	1
"ARNT"	0.000287181152854997	0.000845364853333906	0.339712671661741	0.00585547445861797	0.0084258394365624	0.694942563610838	1	0.999
"ARNT2"	3.43909296792993e-05	0.00012532265372305	0.274419098683465	0.00305878188714053	0.00604198255623245	0.506254670329248	0.717	0.772
"ARNTL"	0.00101119506800535	0.00389142535999297	0.259852104167603	0.00359901526160457	0.00702701229539519	0.512168630181992	0.894	0.983
"ARRB1"	0.00348282033874815	0.00517013176414725	0.673642471338948	0.0092153056680238	0.0107469760323447	0.857478944801672	0.979	0.984
"ASAP3"	6.26673166064741e-05	0.000387237301603955	0.161831818233685	0.00278586444824283	0.00636324366772748	0.437805715718843	0.865	0.869
"ATAD2"	0.000202141519505858	0.000519410915283759	0.389174569801688	0.00763461997597978	0.0114966389991508	0.66407408082864	1	1
"ATF1"	0.00027399186427431	0.000765827630968915	0.357772236459606	0.00504224049933432	0.00959376126905256	0.525574939580738	0.954	0.96
"ATF2"	0.0015499090691842	0.00274813341743111	0.563986107571522	0.017818368183833	0.0198945583617864	0.895640298206296	0.999	0.869
"ATF3"	0.00242205294300421	0.00300440745808817	0.806166599168763	0.0272763917451689	0.0250170446142024	1.09031231169823	0.923	0.062
"ATF4"	0.000470546157663403	0.00081861168518391	0.574809969341801	0.0114330868868001	0.0133451436481012	0.856722654193901	0.976	0.947
"ATF6"	0.000195167106049455	0.000545586531234729	0.357719802224164	0.00786847052855137	0.0104894080910513	0.750134846528097	1	1
"ATF7"	0.00126304142717167	0.00199227897388185	0.633968155930846	0.0195359974674902	0.020803111134372	0.939090184218251	0.943	0.72
"ATF7IP"	9.11332908038594e-05	0.000318272370525658	0.286337424305302	0.0084173399683174	0.0113849471067156	0.739339400474887	1	1
"ATM"	0.00091087004406982	0.00108563329603431	0.839021838586861	0.0136207889487601	0.0125664397501271	1.08390198175441	0.955	0.034
"ATP2A2"	4.85215770343389e-05	0.000186610426164212	0.26001535944	0.00363738481720117	0.00578210687037937	0.629076026912404	1	1
"ATP5O"	0.000394168947299215	0.00122258161633194	0.322407062263724	0.00436410167529922	0.00708846738528126	0.615662235303641	1	1
"ATR"	0.000231886912472603	0.000473420135628363	0.489812103502575	0.0072753641310585	0.00898939594619821	0.809327364664073	1	0.998
"ATXN1"	0.00673268768884939	0.00745209950733821	0.903461860945308	0.0257087914679704	0.0204073214872907	1.25978274434405	0.858	0
"ATXN3"	1.72095232725819e-05	0.00022097883763403	0.0778786034755199	0.00182648401826484	0.00597007922694264	0.305939661574677	0.324	0.324
"AURKA"	0.00337286435951206	0.00284904214516505	1.18385906127642	0.0278663087910284	0.0215505359147525	1.29306801934111	0.015	0
"AXIN1"	0.000839602930001882	0.00171264041319373	0.490238887003835	0.00471573753172915	0.00758713129521172	0.621544210616901	1	1
"BACH1"	0.00973744879345783	0.00652453198477986	1.49243636419791	0.0173772874752814	0.0165690542572753	1.0487796832249	0.009	0.311
"BAG1"	6.49927638014639e-05	0.000192927516658828	0.336876589337936	0.00711894796703	0.00941127036223525	0.756427952128154	0.999	0.982
"BAG5"	0.000494662592751429	0.00118659655659246	0.416875129127247	0.004837830883923	0.00746350643945198	0.648198125528546	1	1
"BANP"	0.00891149119117375	0.008591510489051	1.03724382371767	0.0223151762384257	0.0189425913183169	1.17804242637319	0.252	0
"BAP1"	0.000113495407917687	0.00034671182437278	0.327347958561858	0.00828338256805097	0.010946742873273	0.75669837722006	1	1
"BAZ1A"	0.000251546197761234	0.000663482219623572	0.379130277076528	0.00742778940906078	0.00932987788088942	0.796129328152866	1	1
"BCL11B"	0.00383906207846164	0.00641288703920039	0.598648012197065	0.0105821186919139	0.012855871699887	0.823135057578937	1	1
"BCL2"	7.70922854832425e-05	0.000227388741445959	0.339032992544022	0.00429351917901706	0.00672599140599943	0.638347407816689	1	1
"BCL3"	0.000154198421945245	0.000580979697846393	0.265411033323257	0.00761800029777398	0.0109922670040515	0.693032683336946	1	1
"BCL6"	0.000434332615406652	0.000834786041547558	0.52029213929053	0.00973586520020078	0.0116378226597542	0.836571022333004	1	1
"BCOR"	0.000560282638324853	0.000817659190294923	0.685227592345368	0.0160141653386732	0.0150065375496785	1.06714592127991	1	0.015
"BHLHE40"	0.00410104719894948	0.00390670322399822	1.04974628575763	0.0109413170482743	0.0114775187140781	0.953282440293818	0.358	0.81
"BHLHE41"	7.59726094463164e-05	0.000258306884750137	0.294117632674815	0.00394438971328467	0.00635134866796961	0.621031834258536	0.875	0.867
"BIN1"	9.12794913642572e-05	0.00037726646111378	0.241949658325785	0.00282678436794299	0.00554891417867101	0.509430183441766	0.85	0.884
"BIRC2"	5.74318012492544e-05	0.000202440663868403	0.283696961627176	0.00585460124333587	0.0088647377828014	0.660437046958621	1	1
"BIRC3"	0.000274863508538554	0.000645803678930176	0.425614652728344	0.0140487895082649	0.0137227680347397	1.02375770491055	1	0.324
"BLZF1"	0.00039772476685341	0.00118505999225143	0.335615723637582	0.00331414718056837	0.00792338838976753	0.418273977942107	0.757	0.898
"BPTF"	7.08178631581999e-05	0.000803704560660113	0.0881142979953163	0.00386867907667602	0.00765046602677123	0.505678878010617	1	1
"BRCA1"	0.00275285414582084	0.00288164226100484	0.955307389495639	0.030597168820184	0.023552051223162	1.2991296821779	0.712	0
"BRD4"	3.05980052688983e-05	0.00015377756741524	0.198975739980824	0.00477152518247294	0.00735011937639086	0.649176555934512	0.999	0.999
"BRD7"	7.52576984035725e-05	0.000301494003998814	0.249615904148689	0.00335130761200759	0.00757674345821608	0.442315043460195	1	1
"BRMS1"	0.000103004565963662	0.000720756803437981	0.142911680434142	0.00495671301311013	0.00969769136842384	0.511122990493328	0.998	0.996
"BTRC"	0.00707138241298864	0.00607043017301406	1.16488983670783	0.0392589903617236	0.0298687835994269	1.31438196105438	0.013	0
"BYSL"	9.39881140753463e-05	0.000260112342779934	0.361336617366383	0.00458281818193464	0.00793888685218123	0.577262060445602	1	1
"C1orf109"	5.46025955523514e-05	0.000184777131460519	0.295505158678244	0.00537142546049803	0.0080408439124402	0.668017625884735	1	1
"CALCOCO2"	0.000217770927200469	0.00103682037222784	0.210037276498089	0.00457723070715579	0.00748779443771107	0.61129224970484	1	1
"CALM1"	5.51323859762243e-05	0.000142952931326436	0.385668103932255	0.00554727605752798	0.00689208931065273	0.804875823207029	1	0.999
"CALR"	0.000325161397616901	0.000913926872500097	0.355784918247785	0.00608600116590972	0.00883814931999442	0.688605832008456	1	1
"CARM1"	7.24752499549025e-05	0.00016526920529522	0.438528459221668	0.00855606285443195	0.00983229758278783	0.870199745521329	1	0.995
"CBL"	0.00111811668801049	0.0047564946520057	0.235071574723417	0.00438638753877901	0.00742984557107708	0.590373985141004	1	0.999
"CBX5"	0.0208843576855324	0.0175836503878632	1.18771456579616	0.0155969769659253	0.0151339814159689	1.03059310945551	0	0.175
"CCNA2"	4.1291261574704e-05	0.000171657385052264	0.240544626507809	0.00606250004447568	0.0104150893162116	0.582088147342057	1	1
"CCND1"	0.000598434463188919	0.00153953932237726	0.388710086511368	0.00991101179595758	0.0101898094692062	0.972639559739448	1	0.729
"CCND3"	7.41186923958668e-05	0.00022347005671321	0.331671694570638	0.00804362390539	0.0101614709823992	0.791580659859427	1	0.997
"CCNDBP1"	0.0025065390724991	0.00531207942234962	0.471856475253983	0.00408006164474643	0.00787686523399724	0.517980379699341	1	1
"CCNG1"	0.000221406221758637	0.000609780274179154	0.363091807219706	0.00490786976041902	0.00841823198839847	0.583004812314839	1	1
"CCNH"	6.45603919380124e-05	0.000194608175416623	0.331745528160879	0.00611470100880653	0.00863806735484065	0.707878366493628	1	0.998
"CCNK"	0.000105554812444935	0.000479074548734707	0.220330661947536	0.00323496512350893	0.00577099572994246	0.560555799188087	0.973	0.981
"CCT4"	5.80356611166693e-05	0.000169873870456238	0.341639717519831	0.0046786003759106	0.00682043481144681	0.685968051194984	1	1
"CCT5"	5.80356611166693e-05	0.000169873870456238	0.341639717519831	0.0046786003759106	0.00682043481144681	0.685968051194984	1	1
"CDC25A"	2.03482732248858e-05	0.000203266633352488	0.100106313019902	0.00310039978491358	0.00663552047657172	0.467242893132539	0.992	0.997
"CDC27"	0.000389868879833552	0.00131537950685942	0.29639269716494	0.00667391015330854	0.00961169846673797	0.694352842674386	0.999	1
"CDC5L"	0.000214348238414215	0.00065492681645693	0.327285786790365	0.00503412152754888	0.00819997455901024	0.613919164178054	1	1
"CDC73"	0.000748640753680942	0.00136672848820089	0.547761139205071	0.00672294960887541	0.00918308426440399	0.732101483042609	1	1
"CDK2"	0.00293507122963115	0.00309324981130664	0.948863301923658	0.0213444862635341	0.0204969633651103	1.04134870533391	0.781	0.087
"CDK4"	0.00124011285591115	0.00163201958265421	0.759863955734102	0.00815566571269393	0.00936625647228227	0.870749774664952	0.934	0.999
"CDK5"	1.60457747823751e-05	7.87691543450265e-05	0.203706322808685	0.00281811243685693	0.00698246876400602	0.403598287669261	1	1
"CDK6"	0.00881149970729772	0.00727827368679623	1.21065792335935	0.0251498228031209	0.0203896917930227	1.23345772257956	0.002	0
"CDK7"	1.83673652160271e-05	9.06458255699653e-05	0.202627811049613	0.00367813024956502	0.00725172380213854	0.507207713630838	1	1
"CDK8"	0.00054553619272043	0.00141388232626768	0.385842713064047	0.00552102627708117	0.0083673809430909	0.659827288207785	0.963	1
"CDK9"	0.00027959597745231	0.000401297868888697	0.69672928547213	0.0132574407381052	0.0119919052099014	1.10553248262493	1	0.004
"CDKN1A"	0.000339390658551058	0.000683179253193109	0.496781272213378	0.00895520160135809	0.0104499501172426	0.856961181717208	1	0.993
"CDKN1B"	0.00114044560341236	0.00137261578387042	0.830855667560952	0.0117358376367002	0.011421149564506	1.02755309966102	0.81	0.288
"CDKN2A"	4.32127396286964e-05	0.000214175943205666	0.201762807633352	0.00580121648469403	0.00913111272300792	0.635324156066603	1	1
"CDKN2C"	8.54087664409884e-05	0.000218579459545103	0.390744705009047	0.00558550219591473	0.00847090754117072	0.659374709116798	0.998	1
"CDYL"	0.000165581045885138	0.00041955961189454	0.394654397589533	0.00615206337982665	0.00866199521860072	0.710236293667739	1	1
"CEBPA"	0.000492617949579215	0.000883068558168457	0.557847910020641	0.0139069484398736	0.0140788999037963	0.987786583817082	1	0.635
"CEBPB"	0.00259671654369718	0.00279643684340315	0.928580436144263	0.0368075481155105	0.0283545598107753	1.29811742312864	0.871	0
"CEBPD"	2.06650993167177e-05	9.61341042793405e-05	0.214961167752396	0.00498259347543839	0.00796203319961746	0.625794109433979	1	1
"CEBPG"	7.70342724999566e-05	0.000205132892070689	0.375533497930748	0.00797043893788008	0.0102751245376274	0.775702416909146	1	1
"CEP70"	0.00277793787809183	0.00504349209765025	0.550796516442659	0.00477597271442444	0.00851234294922809	0.561064414687091	1	1
"CGGBP1"	0.000178230715093663	0.00078320155009664	0.227566856924211	0.00367848126238259	0.00722123185074147	0.509398027706988	1	1
"CHAF1A"	0.000314882609379181	0.00068948559015052	0.456692081571189	0.00673033167532408	0.00908743980809045	0.740619120176416	0.999	1
"CHCHD2"	2.72575838404969e-05	8.380462237458e-05	0.32525155615718	0.00515681480605471	0.00780789829186572	0.660461319203798	1	1
"CHD3"	0.00179616142461144	0.00188268782416139	0.954041026643124	0.0132644652101233	0.0128750328349276	1.03024709763374	0.502	0.23
"CHD4"	0.000384128843786077	0.000613455956051735	0.626171838412605	0.00740266930626938	0.00952432774169604	0.777237985402543	0.992	1
"CHD8"	0.00257570635678611	0.00297352994524648	0.866211675757178	0.0127425337585219	0.0127115119198901	1.00244045231026	0.85	0.445
"CHEK2"	4.78929226953529e-05	0.000192143159598266	0.2492564543827	0.00370916094163381	0.00693903892820074	0.53453525481166	0.998	0.999
"CHTF18"	6.10560544809709e-05	0.000187644577852084	0.325381394868228	0.00452418539215828	0.0064782810257332	0.698362015199277	1	1
"CHUK"	0.000345983789011497	0.000536102332792103	0.645368930236808	0.0129685331302204	0.0133614234830062	0.970595172491496	1	0.73
"CITED2"	0.000270800670049051	0.000382783527149525	0.70745121156499	0.0155399244656879	0.0164694859714636	0.943558559909743	0.998	0.946
"CLK3"	0.000139054085946703	0.000890495847703508	0.156153547829906	0.00352657974565386	0.0079650908063357	0.442754493501656	0.952	0.936
"CLOCK"	0.00199185019713679	0.00331669480912609	0.600552752594567	0.00589112870355341	0.0089617471414766	0.657363861148033	0.839	0.978
"CLU"	0.00164343888598738	0.00472826635667508	0.347577475974311	0.00560360084701517	0.00808322459584894	0.693238296247866	1	1
"COIL"	0.000174336654946048	0.0007455794006508	0.233827081051157	0.0028735632183908	0.00851940625586927	0.337296183805194	0.394	0.478
"COMMD1"	0.0010525079106414	0.00151409168030315	0.695141466222623	0.0207718889884284	0.0204072734706594	1.01786693936813	1	0.308
"COMMD4"	0.000403771310075696	0.00075147661062934	0.537303895243724	0.0158106025015965	0.016404953858498	0.963770007399705	1	0.862
"COMMD6"	0.000333900212909282	0.000686746487495619	0.4862059274987	0.0144933371370242	0.0158507539274432	0.914362635579826	1	0.992
"COMMD8"	0.000403771310075696	0.00075147661062934	0.537303895243724	0.0158106025015965	0.016404953858498	0.963770007399705	1	0.862
"COPS2"	5.39917414910077e-05	0.000205462870382079	0.262781014353613	0.00462790231151598	0.00737623566549837	0.62740705712028	0.999	0.999
"COPS4"	4.78929226953529e-05	0.000192143159598266	0.2492564543827	0.00370916094163381	0.00693903892820074	0.53453525481166	0.998	0.999
"COPS5"	0.0037105686887174	0.0033135207470411	1.11982660498832	0.0329121419741629	0.025246165714811	1.3036491301669	0.109	0
"COPS6"	0.000477215608027589	0.0015118636976153	0.315647243055253	0.00614377711784091	0.00956170608166989	0.642539842300606	0.992	0.997
"CREB1"	0.0085460341826917	0.00940974782332363	0.908210755819506	0.0260321020196869	0.0239350941211381	1.08761226874378	0.765	0.067
"CREB3"	0.00261778107164135	0.00532412268435236	0.491683085991806	0.00353395761360528	0.0058409875364323	0.605027419004533	0.957	0.958
"CREB5"	0.000115393109333292	0.000261874908272761	0.440642099292316	0.00725641609344412	0.01109867823825	0.653809033623113	0.903	0.901
"CREBBP"	0.0326705929733561	0.0279917851956179	1.16714931702429	0.110202064485139	0.0791679113408753	1.39200419233797	0	0
"CREBZF"	6.15881631523318e-05	0.000341203274582705	0.180502849005933	0.00431406304558198	0.00841867428627488	0.512439714245183	0.878	0.872
"CREM"	4.82955905925366e-05	0.000267370716120167	0.180631563895093	0.00427692553732901	0.00764146250238907	0.559699865829591	1	1
"CRK"	0.000712307475638323	0.00135392233864804	0.526106598070904	0.0075960976867923	0.00990565245357003	0.76684476084709	1	1
"CSE1L"	0.000131213527711854	0.000415842332382869	0.315536725085133	0.00266877496244956	0.00516886033618545	0.516317870646721	0.919	0.926
"CSNK1A1"	0.000148349700624937	0.000777147838964455	0.190889935205394	0.00393415988892064	0.00652384474060308	0.6030431509866	0.994	0.999
"CSNK1E"	0.000153284144935315	0.000422455679152823	0.36284077241595	0.0039358390131159	0.00651822138126725	0.603821009275188	0.989	0.986
"CSNK2A1"	0.00328702586654064	0.00357089507669536	0.92050474627291	0.018746819896105	0.0158549034447722	1.18239886867847	0.831	0
"CSNK2B"	0.000163002421180001	0.000699982363782462	0.232866468662428	0.00526312986297771	0.00925238928872073	0.568840079977376	1	1
"CTBP1"	0.0107555694654964	0.00971151687539639	1.10750664427563	0.0367437892180376	0.0281470957868381	1.30542026418297	0.062	0
"CTBP2"	0.0036292743532505	0.00377006200348742	0.962656409866286	0.0166563123080012	0.0149674414694361	1.11283630819695	0.635	0.001
"CTNNB1"	0.0105475033672018	0.00905794159266473	1.16444815406443	0.0438806215124745	0.0325512668960511	1.34804650315462	0.003	0
"CTR9"	0.00527054981907095	0.00637118892366658	0.827247454473187	0.00952488583664666	0.0102912782599972	0.925529909503126	0.946	0.918
"CUL2"	0.000897909769935126	0.00262238635413865	0.342401785502753	0.00422782478064297	0.00743123329621594	0.568926396483316	0.998	1
"CUX1"	7.10816998407546e-05	0.000295743192576072	0.240349403215665	0.00526506323585615	0.00813757836495702	0.64700614847891	1	1
"CYC1"	4.85215770343389e-05	0.000186610426164212	0.26001535944	0.00363738481720117	0.00578210687037937	0.629076026912404	1	1
"DAP3"	2.98187107434954e-05	8.92126760431739e-05	0.334242980549814	0.00542058044785843	0.00824372035175439	0.657540554090344	0.984	0.963
"DAXX"	0.00104557090640047	0.00144922254028791	0.721470220986735	0.0169428006400049	0.0147232596106176	1.15075065495596	0.978	0
"DCAF6"	2.98187107434954e-05	8.92126760431739e-05	0.334242980549814	0.00542058044785843	0.00824372035175439	0.657540554090344	0.984	0.963
"DCAF7"	1.72311884486185e-05	0.000165961921882715	0.103826156344439	0.00309910057579463	0.00570671648365397	0.543061948963391	0.727	0.736
"DCTN1"	5.96111735416221e-05	0.000290820451312645	0.204975864911018	0.00689113019042893	0.0108048292871336	0.637782421850467	1	0.998
"DDB1"	7.54083443698126e-05	0.000293561837997484	0.256873798325444	0.00970525775190567	0.0138292465580197	0.701792227883704	1	1
"DDIT3"	0.00291914578212615	0.00434977210984857	0.671103154005872	0.0203374274826174	0.0226843673854742	0.896539327591758	0.936	0.871
"DDX3X"	0.000315621175471056	0.000577751719640166	0.546292057196525	0.0106069945006062	0.0126761155633632	0.836770101028651	1	1
"DDX5"	6.86047813091984e-05	0.000398860238328091	0.17200205665215	0.00405279206162899	0.0103159268433219	0.392867468253964	1	1
"DDX6"	0.000238229505669783	0.00048265675923442	0.493579549259099	0.00672474660862834	0.00933988156151172	0.720003413784179	0.999	0.999
"DHX9"	7.48139255714844e-06	5.14582107512852e-05	0.145387732062984	0.00307315607829775	0.00604806318821385	0.508122349694785	0.997	0.999
"DNAJA3"	0.00038654951511005	0.000748097824002761	0.516709850914663	0.00544214704607528	0.00743687539280969	0.731778705252611	1	1
"DNMT1"	6.09017306883502e-05	0.00018666079893217	0.326269527596317	0.0046985268788913	0.00702992900515145	0.668360501997713	1	1
"DNMT3A"	0.00273656999117624	0.00537945130478187	0.508708014280875	0.00405782054763117	0.00654918139135211	0.619592023056397	0.999	1
"DPF2"	0.000385925161321371	0.00207983760724877	0.185555429893335	0.00356811543152255	0.00864108590472575	0.412924425340011	1	1
"DPY30"	0.000165983545836624	0.00100892709530378	0.16451490559548	0.00326638165435197	0.00800478285896776	0.408053748852493	0.966	0.996
"DRAP1"	3.83770683992517e-05	0.000141293095188083	0.271613190638693	0.00420709309937465	0.00713879580834923	0.589328118119615	1	1
"DROSHA"	7.84538425563882e-05	0.00043467189853024	0.180489796606739	0.00512019555932891	0.0103317047867353	0.495580900250135	1	1
"DVL2"	0.00133123008528317	0.00255865966019103	0.520284157363773	0.00788315078977778	0.0100204994363168	0.786702383436825	0.996	0.997
"DYNLL2"	0.000175565750781907	0.00100628007599334	0.174470065511929	0.00293158160936276	0.00641608461782737	0.456911307126036	1	1
"E2F1"	0.000226108303767644	0.0004577961642389	0.493906068749082	0.0144281421756775	0.0166855532775789	0.864708645596143	1	0.998
"E2F3"	0.00105289849337022	0.00202703017306607	0.519429117218129	0.00431830589192077	0.00694297182261	0.621967941430798	0.987	1
"E2F4"	4.25612068692105e-05	0.000209222907621591	0.203425176301385	0.00362880606705269	0.00675233579186445	0.537414930019454	0.838	0.823
"E2F6"	1.36059088816486e-05	5.63445043923103e-05	0.241477124138223	0.00415841396103167	0.00688803437960041	0.603715622173318	0.891	0.885
"EAF1"	4.82258944776657e-05	0.000260815242755496	0.184904432609699	0.00287804483112233	0.00628824958927794	0.457686163734606	1	1
"EBP"	6.42235457215143e-05	0.000268214369987729	0.239448563939555	0.00361076743789487	0.00657883303897437	0.548846188450739	0.927	0.936
"ECSIT"	0.00011088384722263	0.000260753359892707	0.425244174296567	0.00787617556432073	0.00941714207259902	0.836365800112326	1	0.999
"EED"	0.000447121229662346	0.000889119657995121	0.502880827841059	0.0118126550655208	0.0129078583106261	0.915152210479127	1	0.977
"EEF1A1"	5.17449434364086e-05	0.00037031494420144	0.139732258302438	0.0039847513225068	0.00756934967418334	0.526432453781007	0.995	0.996
"EEF1D"	0.000623589642655393	0.000961534119767775	0.648536156788694	0.00982830970482747	0.0103227682990099	0.952100194457541	1	0.802
"EEF2"	4.26498647610719e-05	0.000138674175887161	0.307554485095884	0.00555305871818811	0.00802448326780406	0.692014492754714	1	0.996
"EFTUD2"	0.00010866900240934	0.000311463992765183	0.348897480715427	0.00421417085961847	0.00682060473802065	0.617858829456437	1	1
"EGFR"	0.00095156994924152	0.00194868733295903	0.488313303600422	0.0102681681774449	0.0125325639095172	0.819319035720002	0.985	0.993
"EGR1"	0.000868847985617673	0.00198379789913149	0.437972026282544	0.018384144393405	0.0205995875487946	0.892452062443396	0.989	0.847
"EHMT1"	3.08213534602863e-05	0.000179244046721578	0.171951894771498	0.00343937854102702	0.00654488340297619	0.525506465014031	0.982	0.979
"EHMT2"	0.00253447937755328	0.00363597254928988	0.697056796550424	0.0162948399571307	0.0162161829407785	1.0048505259616	1	0.434
"EIF1AD"	0.000441997386089573	0.00131413953945467	0.336339766683369	0.00775536075427112	0.00900695959244933	0.86104091782232	1	0.997
"EIF3A"	0.000510292217046547	0.00133178512469555	0.383164076234295	0.00400023003063015	0.00643884835019734	0.621264830768619	0.999	1
"EIF4ENIF1"	7.22274452760265e-05	0.000344104293356665	0.209899866611553	0.00312768302483663	0.00579578866216555	0.539647528084297	0.997	1
"EIF5A"	5.53109897963397e-05	0.000270848633643493	0.204213656359601	0.00324105459705013	0.00601290456067341	0.539016471049251	0.994	0.999
"ELAC2"	2.13750261633746e-05	0.000377250027974984	0.0566601049126814	0.00250312891113892	0.0076750513726615	0.32613839173182	0.525	0.525
"ELF1"	0.000159491883478607	0.00069192779500489	0.230503651724932	0.00558905141588879	0.00945562440127122	0.591082215061059	1	1
"ELF3"	0.0018878730295943	0.0032745626717435	0.576526766729775	0.00907955043087742	0.0112354730025974	0.808114658704483	1	1
"ENO1"	0.00010335431957687	0.000467579106444535	0.221041355681555	0.00351614730112469	0.00610016122224152	0.57640235610571	0.98	0.978
"EP300"	0.112052889276284	0.101110450986552	1.10822262370472	0.20497449415353	0.149052677596658	1.37518156304577	0	0
"EPAS1"	0.000505058450364879	0.00113823341546429	0.443721334748256	0.0109374862968158	0.0134668875574533	0.812176254546835	1	1
"EPC1"	0.00025480166550863	0.000698305018668901	0.364885914745864	0.00565750391215572	0.00863333365809474	0.655309308803461	1	1
"EPM2AIP1"	0.000130101101307473	0.000414245641122136	0.314067520312457	0.00369441457365389	0.00666783997062422	0.554064673107029	1	1
"ERCC3"	3.57021999113472e-05	0.000132268169637915	0.269922839403329	0.00407463860263811	0.00683756867725244	0.595919221432293	1	1
"ESR2"	0.000151510945525553	0.000331470395355319	0.457087413079955	0.0160839969133788	0.0158929394449128	1.01202153126728	1	0.339
"ETS1"	0.00018363045572436	0.000335705886570481	0.546998021393965	0.0110750898564605	0.0110966788925945	0.998054459686274	1	0.489
"ETS2"	0.00192506462390383	0.0033499726156034	0.574650853842006	0.0064593947314254	0.00915934115959219	0.705224821182772	0.929	0.994
"EXOSC1"	2.72575838404969e-05	8.380462237458e-05	0.32525155615718	0.00515681480605471	0.00780789829186572	0.660461319203798	1	1
"EXOSC8"	0.000610484243764725	0.00161327670249562	0.378412607595679	0.0068070172692557	0.00936814436682194	0.7266131906937	1	1
"EYA2"	0.00211393207796398	0.00516313432102193	0.409428061818384	0.00417708747052246	0.00800757932954607	0.521641722000804	1	1
"EZH2"	0.000145041869557742	0.00025119620331153	0.577404704552256	0.00770929993852057	0.00858001706876975	0.898518018872191	0.999	0.964
"FANCG"	2.7664655744769e-05	0.000258184470256491	0.107150734965917	0.00178573965865803	0.00618489477584632	0.288725956281719	0.793	0.817
"FANCL"	4.75934929900018e-05	0.000584189341600464	0.0814692936019907	0.00261607868671169	0.00672571107586644	0.388966855281495	0.999	0.998
"FBXO11"	2.55942239512063e-05	0.000174715413236469	0.146490933324616	0.00285903330768471	0.00638717409603976	0.447621008085156	0.995	0.995
"FBXW11"	0.00136241652414421	0.00188660323367181	0.722153179761383	0.023037703014689	0.0204738890786477	1.12522359216623	1	0.001
"FBXW7"	0.0035803905898145	0.00301145363237437	1.18892436241549	0.0269388095040155	0.0219946741057208	1.2247878452088	0.07	0
"FHL2"	0.0110917999004111	0.0114241667887665	0.970906684531052	0.0299189750579434	0.0238506700866875	1.25442911872916	0.684	0
"FHL3"	0.00558821804704093	0.00727164814060011	0.768494011122456	0.0168649873527163	0.0153325466406312	1.09994691345168	0.999	0.003
"FKBP4"	0.000185997072773553	0.000449517385135406	0.413770588021919	0.00940366963217284	0.0106631396719275	0.881885628576126	1	0.906
"FKBP5"	2.98187107434954e-05	8.92126760431739e-05	0.334242980549814	0.00542058044785843	0.00824372035175439	0.657540554090344	0.984	0.963
"FLNA"	0.000566677053149995	0.00078040922131277	0.72612808469479	0.0113207773946773	0.0110189625153673	1.02739049877782	0.999	0.244
"FOS"	0.00956334949916272	0.00746011398251561	1.28193074818649	0.0363493296345125	0.0272034466651924	1.33620309521376	0	0
"FOSL2"	8.66847210099893e-05	0.000204364009544275	0.424168233943409	0.00714552804354265	0.0102780329188649	0.695223307801181	1	1
"FOXA1"	0.00107660222254412	0.00165161869994778	0.65184671412243	0.00990043781390811	0.0118765180669068	0.833614512109834	0.954	0.994
"FOXJ2"	0.00953244150857336	0.00901785096670442	1.05706354471469	0.031457686322735	0.0261603539918696	1.20249467314211	0.186	0
"FOXK1"	0.000141727644540065	0.000339967838636368	0.416885447483925	0.00665756579041212	0.00883815419829588	0.753275586852263	1	0.999
"FOXK2"	0.00211027127867539	0.00256053716838593	0.824151785309027	0.0159726265424731	0.0143587541489129	1.11239640826933	0.979	0.003
"FOXM1"	6.81411264825643e-05	0.000441159765743851	0.154459068513807	0.00494846102975798	0.00934669061341399	0.529434559720651	1	1
"FOXO1"	0.000119568325430589	0.000398199086976821	0.300272726234424	0.00464394321426745	0.0059195365291211	0.784511285878822	0.599	0.468
"FOXO3"	6.39923215737091e-05	0.000192902419495632	0.331734157306193	0.00380969227583391	0.00635721715234346	0.599270433043104	1	0.999
"FOXO4"	5.67456789331358e-05	0.000259469894114757	0.218698508845263	0.00347694575943443	0.00616296870408231	0.564167356087874	0.766	0.772
"FOXP3"	1.68334109701888e-05	9.50763078721805e-05	0.177051584636831	0.0042652867327543	0.00859436232806979	0.496288912421527	0.998	0.997
"FOXP4"	2.92520820436144e-05	0.000235120632237821	0.124413080065327	0.00460122699386503	0.010270560217545	0.448001559448027	0.671	0.671
"FUS"	0.000600340958723458	0.00158738447775187	0.378195054278022	0.00941656802513645	0.0111297007796268	0.846075578453443	1	0.993
"FXR2"	9.06979331681306e-05	0.000301172109648908	0.30114984177606	0.00394024783809233	0.00762514921138615	0.516743702825987	0.908	0.915
"FZR1"	5.78364905819426e-05	0.000469935972390407	0.123073129064259	0.00365915127248783	0.00728759551218241	0.502106801395736	0.903	0.916
"GADD45GIP1"	0.000195715691001483	0.000525751937091933	0.372258620831786	0.00748686058109865	0.010272696535452	0.728811617792937	1	1
"GAPDH"	0.000140244659457709	0.000339555846905835	0.413023839040537	0.00681040354109682	0.00801339006271558	0.849877952751111	0.988	0.857
"GLRX3"	0.000596551064034344	0.000809589325753215	0.736856385154698	0.0133852599437841	0.0130344264338735	1.02691591468873	0.999	0.191
"GNL3"	2.44267414447057e-05	0.000100336296247904	0.243448705584606	0.00440819977228475	0.00783841070879324	0.562384383270396	1	1
"GPS2"	0.000106567177792461	0.000513600855485703	0.207490265357292	0.00471107785570214	0.00793655969043357	0.593591939008624	0.997	0.991
"GRB2"	0.000289179555344508	0.000662033151750946	0.436805248467823	0.00712341042083381	0.00970522080235537	0.733977161972969	1	1
"GSK3B"	0.0177903196627716	0.0128903479942155	1.38012718281577	0.0408713668391202	0.0288793611641044	1.4152448389309	0	0
"GTF2F1"	4.77641914724585e-05	0.000210603913675897	0.226796314649518	0.00429268068769738	0.00831268839212759	0.516401010744334	0.988	0.984
"GTF2H1"	0.000362419777293707	0.000573038618681784	0.632452622700048	0.00630777748166146	0.00840131235454733	0.750808589832669	0.984	1
"GTF2I"	0.000163355863022206	0.000332063270786135	0.491941980320415	0.00608010584927594	0.00793941936353666	0.765812406534414	1	0.999
"GTF3C1"	0.000286861543209146	0.000609424847399376	0.470708643458307	0.00548991496454937	0.00802603347437473	0.684013464693039	1	1
"GTF3C3"	6.94337495843145e-05	0.000227562059167242	0.305120061922474	0.00329823421411036	0.00592963750229247	0.556228641773671	1	1
"GTF3C5"	5.61428793730764e-05	0.000205333722535196	0.273422595567335	0.0045130398286576	0.00713981281443864	0.632094978671011	0.999	0.998
"H2AFX"	6.26370166478574e-05	0.000259146314127706	0.241705219148864	0.00407111250565927	0.00776215687525105	0.524482121540168	0.998	0.997
"H2AFY"	0.000518937187959706	0.000910925665885481	0.569681157743277	0.011828502176432	0.0125661118663163	0.941301677262521	0.998	0.809
"HAT1"	2.72575838404969e-05	8.380462237458e-05	0.32525155615718	0.00515681480605471	0.00780789829186572	0.660461319203798	1	1
"HCFC1"	0.00668606655247083	0.00725774101832484	0.921232451749021	0.039450736409801	0.0312098098159159	1.26404924100763	0.896	0
"HDAC1"	0.0419789342474552	0.040239817506036	1.04321880289736	0.114380909802178	0.0853478143698033	1.34017385971453	0.061	0
"HDAC2"	0.0252156524355712	0.0228594839448419	1.10307181458753	0.0785475409063233	0.0584691787469431	1.34340078977815	0.005	0
"HDAC3"	0.0127614571467335	0.0115294919642692	1.10685337968769	0.0564449496442816	0.0407067201785491	1.38662484711863	0.009	0
"HDAC4"	0.00208551164233133	0.00238354184127504	0.874963303021233	0.0282033419407716	0.0245419623967732	1.1491885402155	0.751	0.02
"HDAC5"	0.000815811758120924	0.00121563619029823	0.671098610449221	0.0208389135060475	0.0190251362515469	1.0953358352087	1	0.034
"HDAC6"	0.000186995713147551	0.00040626818158657	0.460276540528698	0.00663540401263405	0.0083561988589761	0.794069663086872	0.97	0.989
"HDAC7"	0.000615893403706926	0.00128597539293822	0.47893093996124	0.0169585150750503	0.0172338310995133	0.984024676644838	1	0.543
"HDAC9"	6.68013205609523e-05	0.000354623114963125	0.18837271949376	0.00779759444776538	0.0139286952691795	0.559822316238002	0.986	0.969
"HES1"	0.000230577117584863	0.000487411071676855	0.473064997870486	0.00729935187806126	0.00866550257443002	0.842346051526201	0.987	0.955
"HEY1"	5.26008095890692e-05	0.000436274582032871	0.120568127861059	0.00293505761247582	0.00587450337975288	0.499626508445262	0.973	0.977
"HIC1"	0.0018342607729508	0.00360573318555962	0.508706739671343	0.00653181693026	0.00888860785857793	0.734852637689094	0.999	0.999
"HIF1A"	0.0195475788298003	0.0157868100679602	1.23822220864447	0.0336535516790989	0.0266857328856769	1.2611065179762	0	0
"HIF1AN"	5.79788607284116e-05	0.00032828084420483	0.176613597021932	0.00535789175929296	0.0104652850685593	0.511968066248821	1	1
"HIPK2"	5.00214865505024e-05	0.000202838947413917	0.246606912470452	0.00366585641304844	0.00690420416248381	0.530960024758254	0.997	0.996
"HIPK3"	0.000306166100504866	0.000708500467701818	0.432132531257157	0.00485164025671503	0.00781654214226547	0.620688812061963	1	1
"HIRA"	0.000539058160749923	0.00153877522319794	0.350316376702265	0.0104776628376746	0.0113656336604212	0.921872299488351	0.917	0.624
"HMGA1"	0.00314735537719162	0.00391886498751871	0.803129321172256	0.0267619151105926	0.0227945998289238	1.17404627900661	0.986	0
"HMGB2"	0.00130161758040943	0.00496274817702955	0.262277579675322	0.00621961040499034	0.010226692769051	0.608174171792149	0.962	0.992
"HOXB9"	0.000409905813299644	0.000644119040755566	0.636382077478747	0.0103888838985073	0.0114977445435433	0.903558420450491	0.962	0.842
"HSF1"	8.03585587654833e-05	0.000782135519259005	0.102742500227601	0.00433494293239684	0.0063553123941474	0.682097537233399	0.533	0.491
"HSP90AA1"	0.00108605685403724	0.00151519083076331	0.716778924467299	0.0197246716718865	0.0178176970417076	1.10702699825432	1	0.001
"HSP90AB1"	0.000591261694790529	0.000829274633872461	0.71298659170306	0.0171899749200617	0.0147008821361255	1.16931587920289	0.991	0
"HSP90B1"	8.49851709305388e-05	0.000189668756836076	0.448071534543713	0.00695013932642937	0.00869580751018761	0.7992517449687	1	0.993
"HSPA4L"	0.000115914148015593	0.000589076346961006	0.196772708009045	0.00475469169218265	0.00779296704563915	0.610125984665021	1	1
"HSPA5"	3.60985064995887e-05	0.000220711981107561	0.163554811652914	0.00368644976617134	0.00701428239575227	0.525563351769783	0.997	0.999
"HSPA8"	0.00052271068291458	0.000852791471708311	0.612940795324192	0.0106218753878844	0.0113864074676819	0.932855724514732	0.997	0.842
"HSPB1"	0.000656072815564351	0.00132874604720791	0.493753352601091	0.00866825348213737	0.0104014011403937	0.833373635449394	1	0.997
"HSPH1"	4.85215770343389e-05	0.000186610426164212	0.26001535944	0.00363738481720117	0.00578210687037937	0.629076026912404	1	1
"HTT"	0.000543715695813657	0.00270232833376211	0.201202677343323	0.00375881794175438	0.00859956236177204	0.437094096609335	1	1
"HUWE1"	0.000781584122256325	0.000913079363987625	0.855987062113604	0.0121951323271659	0.0116044509700978	1.05090127560452	0.932	0.053
"IKBKB"	0.000957279216799808	0.00124206067103469	0.770718564015356	0.0171025164855941	0.0153273342881088	1.11581806491051	0.998	0
"IKBKE"	0.000102681672132403	0.000343960993525154	0.298527083202224	0.00655967838886819	0.00988883613971751	0.66334180243132	1	1
"IKBKG"	0.000289966182076158	0.000588760008025162	0.492503189964908	0.0100083006457525	0.0122658555093431	0.815948030541291	1	1
"ING4"	6.62411310295753e-05	0.000402694469147956	0.164494762418099	0.00243581201329623	0.00631461028587719	0.38574225534456	0.819	0.791
"INTS3"	0.000188123273725888	0.000930188277234979	0.2022421463804	0.00396975015448613	0.00711170720689863	0.558199323874768	1	1
"IPO4"	0.000102789291621746	0.000205305945982537	0.500663977995499	0.00387982216743823	0.00607007825735811	0.639171688229083	0.994	0.994
"IRAK1"	0.000126397784831194	0.000255534515833164	0.494640751051095	0.00579732877640958	0.00762984252283065	0.759822861227126	1	1
"IRF2BP1"	3.94912433428216e-05	0.00118064048305147	0.0334489998519727	0.00363978326835158	0.00797847389575271	0.456200435811314	0.967	0.975
"IRF2BP2"	0	0.000128777111727618	0	0	0.00634867556645983	0	1	1
"IRF5"	0.00065737097535824	0.00122261710056237	0.537675266488477	0.00521063602287596	0.00837181576191685	0.622402137249484	0.719	0.999
"IRF7"	2.82605991720437e-05	0.000198117532605953	0.142645624545773	0.00275354040106885	0.00750989668625042	0.366654897677914	0.933	0.937
"ISG15"	0.000294744140296707	0.000691684231038966	0.426125285311157	0.00999164234170633	0.0116135438648391	0.860343962014623	1	0.995
"ITCH"	0.00296777755511725	0.00518757741071018	0.572093160285189	0.00521809532326412	0.00770777737154847	0.676990923807107	0.998	1
"JDP2"	1.90615755193377e-06	1.91781097054002e-05	0.0993923583301348	0.0028358946566001	0.00620468821627476	0.457056754143038	0.942	0.953
"JMJD1C"	7.48580198484973e-05	0.0004524023599388	0.165467792561082	0.00409389913143018	0.00715752816349472	0.571971082462539	1	1
"JUN"	0.0301416683994881	0.0277453293001983	1.0863690992225	0.0830545519211708	0.0610989774239029	1.35934438550323	0.013	0
"JUNB"	0.000395918658490044	0.000529958746359722	0.747074486853181	0.0109312818483178	0.0126411568257386	0.864737460266347	0.961	0.999
"JUND"	0.0027060323990941	0.00201926287891151	1.34010902065054	0.0254878601925693	0.0205670303390191	1.23925816087384	0	0
"KAT2A"	0.00105600084667552	0.0012982790080391	0.813385135349671	0.0178833875835918	0.0159376311672379	1.12208567232711	0.901	0.012
"KAT2B"	0.00992091554159039	0.00907519500038578	1.09319034369715	0.0555938562760544	0.0412962611969548	1.34622008541911	0.017	0
"KAT5"	0.0150239572516359	0.0125965639802606	1.19270280968518	0.0473057585238809	0.0344116234457804	1.37470289939726	0	0
"KAT6A"	0.00163686367439291	0.00181018900150076	0.904250149037393	0.00827902857021057	0.00932366986657539	0.887958141878256	0.709	0.885
"KAT7"	2.60378437162924e-05	9.16752245157913e-05	0.284022688287034	0.00444897158907641	0.00738867534985006	0.602133857345172	1	1
"KDM1A"	0.00390669350464304	0.00333423439703052	1.17169132083886	0.0313390444433695	0.0237372002772947	1.32025024338469	0.017	0
"KDM2A"	0.00023523870911554	0.000711529473820513	0.330609929413663	0.00682639270024201	0.00886485777047729	0.770051012321484	1	0.998
"KDM5A"	4.44243457568549e-05	0.000138435553780451	0.320902720028908	0.00422100684988292	0.00734588021221351	0.574608723249384	0.998	0.995
"KDM5B"	0.00164347593905737	0.00195492562062681	0.840684638697619	0.0136417503444364	0.0143560650647645	0.950243000633834	0.847	0.909
"KDM5C"	0.000334762929285746	0.000552825022983814	0.605549523570584	0.0125653890342182	0.0137219690650804	0.915713260584044	1	0.988
"KEAP1"	0.000886416801275369	0.00127700685788581	0.694136288933409	0.0185718296229546	0.01587653780768	1.16976571642533	0.999	0
"KHDRBS1"	3.18629706975867e-05	0.000156577747969165	0.203496161560975	0.00513122480666613	0.00810023701999799	0.633466007722747	1	1
"KIF2C"	0.000207400275996489	0.000947593729109295	0.218870460647136	0.00359652436599293	0.00746563598447649	0.481743869306149	0.896	0.98
"KLF5"	0.000138109709921427	0.000741506981121196	0.186255441199755	0.0101485433263352	0.013838470700661	0.733357286788228	1	0.983
"KMT2B"	1.44240478410444e-05	0.000297625115760596	0.0484638126193855	0.00257235965252729	0.00749401282416642	0.343255304318674	0.596	0.599
"KMT2C"	0.00011646802760576	0.00035985398982375	0.32365356755612	0.00527928576982466	0.00843095716579434	0.626178696677942	0.989	0.98
"KPNA2"	0.00110562845788915	0.00165156307771489	0.66944367599868	0.00982182062983074	0.0106825904838602	0.919423116019478	0.999	0.973
"KPNA3"	0.000692207576836581	0.00112793481869496	0.61369466157404	0.0108604250221009	0.012459191354327	0.871679767429618	0.994	0.993
"KPNA4"	0.0001313274609406	0.000311207882305949	0.421992720645462	0.00497459965451554	0.00765584468499316	0.649778027010743	1	1
"L3MBTL1"	0.000112665300890358	0.000366443555798629	0.307456084593479	0.00419056265489571	0.00691388653347524	0.606108103540041	1	1
"L3MBTL2"	1.26735203003412e-05	4.28823653242089e-05	0.295541540316724	0.00455583735577239	0.00739438435560284	0.616121253194035	1	1
"L3MBTL3"	0.000203358260350237	0.00132439212200598	0.153548376625966	0.00332878173244613	0.00851078261935498	0.391125220949236	0.974	0.985
"LATS2"	3.33796712355545e-05	0.000120253097862551	0.277578472645315	0.00507400430865296	0.00769882672805342	0.65906202177067	0.998	0.994
"LCOR"	0.00037156527752065	0.000730643780663493	0.508545049385399	0.00744377656616673	0.00913984983197453	0.81443094832102	1	1
"LDB1"	0.00287419017016643	0.0106205674521372	0.270624915581894	0.00404904957130171	0.0124237826370604	0.325911172916316	0.969	0.962
"LDOC1"	8.65984151752953e-05	0.000283013545805769	0.305986820979683	0.00349278150503006	0.00600167514810133	0.581967770470721	1	1
"LEF1"	0.000216399666722603	0.000493539759084604	0.438464506130107	0.00493244936501671	0.00776994441206609	0.634811409635958	0.944	0.999
"LIG3"	4.30256023033707e-05	0.000227556064089096	0.189076931329436	0.00446149606206883	0.00667048357316429	0.66884147350541	1	0.999
"LMNA"	6.02211126867672e-05	0.000202473030881028	0.297427822484431	0.0037644173184279	0.00658476322080606	0.57168605646037	1	1
"LRIF1"	0.000254432541049078	0.000689608400895982	0.368952206380468	0.00812951028288455	0.00962618479753995	0.844520488009134	1	0.966
"MAD2L1BP"	0.000494880259135432	0.0012685545051099	0.390113516716854	0.00496496121921194	0.00755160549000455	0.657470947838	1	1
"MAD2L2"	0.000205286208552822	0.000431058745517951	0.476237196640458	0.00850843462902374	0.0102977744929172	0.826240139058767	1	1
"MAF"	0.000435400259477061	0.000951364088423644	0.457658918152454	0.00553031187255957	0.00813397042065608	0.679903120684511	0.787	0.979
"MAFB"	0.000367831871632462	0.000909409384569969	0.404473362463043	0.00871336573287255	0.011635962449596	0.748830685095163	0.984	0.995
"MAFF"	0.00206961921166054	0.00242916149903523	0.851989138014295	0.00941029990423933	0.0125481875675049	0.749932996587372	0.544	0.87
"MAFG"	0.00019492330261836	0.00062676024159913	0.311001384071568	0.00572431848639835	0.00956137452632756	0.598692005070635	0.989	0.993
"MAFK"	5.62656310751804e-05	0.00022859064943844	0.246141437602123	0.00335392931015477	0.00615886093275616	0.544569742160722	0.93	0.942
"MAGED1"	5.46155891339157e-05	0.000200619408053502	0.272234823459107	0.00362817385290072	0.00640081962791352	0.566829572431398	0.975	0.983
"MAGOHB"	2.72575838404969e-05	8.380462237458e-05	0.32525155615718	0.00515681480605471	0.00780789829186572	0.660461319203798	1	1
"MAP2K1"	3.76872678065435e-05	0.000141425935030088	0.266480598473863	0.00330341584545489	0.0060963671882176	0.541866285849608	1	1
"MAP3K7"	2.9672737953332e-05	0.000215619759572208	0.13761604229688	0.00301357954441129	0.00682250303249621	0.441711719299697	0.941	0.965
"MAPK1"	0.0161161086490302	0.0136002737971692	1.18498413262714	0.0279098758046924	0.0210058695791647	1.32867033661751	0	0
"MAPK10"	0.000113687027095329	0.000273759815065464	0.415280186641501	0.00720610595697412	0.00896265109928502	0.804015003724621	1	0.995
"MAPK14"	0.00292725608297546	0.0028189751524578	1.03841145262428	0.0261985514374362	0.0206568287297654	1.26827557996284	0.271	0
"MAPK3"	0.0077210831651261	0.00621424589333944	1.24248111478848	0.0232683636914951	0.019432967666353	1.19736543028283	0.001	0
"MAPK7"	0.000389495569191358	0.000738016041599725	0.527760302265363	0.0178020058162632	0.0201109565936139	0.885189410727287	0.968	0.895
"MAPK8"	0.0124921800691565	0.0106966423930796	1.16785993306073	0.0377378225124834	0.0288792300939843	1.30674614211216	0.001	0
"MAPK9"	0.000691777393763193	0.000937721747959517	0.737721392586341	0.0160489089661631	0.015071890380266	1.06482389144605	0.998	0.132
"MAPKAPK2"	0.000212715975616079	0.000516210507942932	0.412072153400634	0.00824042248187361	0.0103281567134151	0.797859938663618	1	1
"MAPKAPK3"	0.000100502318426846	0.000208849277511611	0.481219373245181	0.0109831069781003	0.0119319204249259	0.92048107823083	1	0.91
"MAX"	0.00557148495786516	0.00620472657637871	0.897942059054739	0.0289292272860539	0.0258738638645221	1.11808686315774	0.89	0
"MBD1"	0.000150563531198614	0.000635511012626273	0.236917265330155	0.00708048798495352	0.00941512708426608	0.752033182513909	1	0.998
"MBD2"	0.00209403950629622	0.00540620726600582	0.387339849040476	0.00451497122430426	0.00722293115163356	0.625088503478694	1	1
"MCM7"	0.0013084355737176	0.00281323994733392	0.465099173270873	0.00823199448571841	0.0109524466346378	0.751612380350176	1	1
"MCRS1"	0.000663565257814241	0.00157451457597982	0.4214411653835	0.00668586430110602	0.00963576203277775	0.693859424751552	0.993	0.997
"MDM2"	0.00814403708976989	0.00738581227530998	1.10265963799196	0.0581115072073277	0.0424460487245025	1.36906753286984	0.083	0
"MDM4"	4.69118873868038e-05	0.000160717866406715	0.291889684922072	0.00652602231107958	0.0089360876577416	0.730299719634676	1	1
"MECP2"	0.000568019634801919	0.00102674800622961	0.55322204801525	0.0116934258480214	0.0116429594722815	1.00433449724359	1	0.456
"MED1"	0.00275571200646478	0.00286550240229887	0.961685463691809	0.02682224235721	0.021774114812845	1.23184077000398	0.629	0
"MED12"	0.000844880908792924	0.0012164734938087	0.694532937292089	0.0133914602333472	0.0131274257969259	1.02011319206871	0.963	0.335
"MED13"	1.8220468323229e-05	0.000106018215823578	0.171861676615546	0.00329690371988804	0.00697995141099157	0.472339064523614	0.997	0.998
"MED14"	6.61056540158413e-05	0.000275811935150377	0.239676553445011	0.00553073649632632	0.00821251801545438	0.673451977325169	1	0.999
"MED15"	5.26052129173759e-05	0.000147525047738362	0.356584957767119	0.00568507682837851	0.00796443055248995	0.713808324513692	0.999	0.999
"MED17"	7.93297278561241e-05	0.000310156001377768	0.255773634892529	0.00509530667482998	0.00766892536931733	0.664409474528966	0.969	0.955
"MED23"	0.00100464788213149	0.00131217119871121	0.765637809394265	0.0146583540020699	0.0135358107447344	1.08293136469658	0.987	0.039
"MED25"	2.10843866655003e-05	0.000157512616291392	0.133858399167816	0.00455880967512695	0.00789573369631547	0.577376321247297	1	0.996
"MED31"	0.000162867194877798	0.00110008889555907	0.148049121789406	0.00457920309656352	0.00781237934267707	0.586147048895653	0.985	0.993
"MED6"	2.4967123790559e-05	0.000162368080568273	0.153768669945326	0.0051276560657387	0.00921144110648933	0.556661656570365	1	1
"MEF2A"	4.58749435925018e-05	0.000164382961838625	0.27907359180897	0.00553174952113005	0.00834174790619002	0.663140337413601	0.926	0.977
"MEF2C"	0.00104882250186758	0.00198353591004625	0.528764060461668	0.00998291248236738	0.0124931625176268	0.799070088801159	1	1
"MEF2D"	0.000158665494990128	0.000395549271031114	0.401127006444784	0.00803447165444768	0.0109254191373114	0.735392533089108	1	1
"MEIS1"	0.000152989033131806	0.000636130229921081	0.240499548576376	0.00495804058095343	0.00792958215030126	0.625258744657191	0.999	1
"MEN1"	0.00225736602003154	0.00209321271745129	1.07842170134535	0.0236926694268507	0.0194921227746751	1.21549970214804	0.235	0
"MFAP1"	2.97197692190535e-05	0.000102121419702871	0.291023854794862	0.00305558760246018	0.00621206980177166	0.491879148168737	1	1
"MITF"	0	0.00483690055985229	0	0	0.00650455290990961	0	1	1
"MLLT6"	0.000267488370138319	0.000645815863807042	0.414186744440579	0.00428613185623868	0.00820383842097764	0.522454445869974	0.995	0.999
"MNAT1"	0.00106805632963281	0.00187553532744376	0.569467454973779	0.00972016997596287	0.0121027147150686	0.803139643030725	0.997	0.988
"MNT"	0.000442509807876471	0.00210365850226221	0.210352491813956	0.00497060245263266	0.00818345576101325	0.607396508002533	0.985	0.968
"MORF4L1"	0.000243929524943972	0.000640889592934668	0.380610837862112	0.00471487964600476	0.00794309104173989	0.593582475792949	0.998	1
"MORF4L2"	0.000128663100337097	0.000388019050240252	0.331589648130503	0.00551171222799526	0.00928767691494817	0.593443578891548	1	1
"MRPL10"	2.72575838404969e-05	8.380462237458e-05	0.32525155615718	0.00515681480605471	0.00780789829186572	0.660461319203798	1	1
"MSH2"	0.000376197003625653	0.000790113201469837	0.476130512597206	0.00714369501876843	0.00996856549982322	0.716622167843017	1	1
"MSH3"	0.000974408757606483	0.00209351143692223	0.465442290126205	0.00580575187088939	0.00754708102181399	0.769271173067908	1	0.994
"MTA1"	0.00016493568055068	0.000289647909643802	0.569435079830239	0.00654136759694871	0.0083983484202008	0.778887379953726	0.999	0.999
"MTDH"	7.48139255714844e-06	5.14582107512852e-05	0.145387732062984	0.00307315607829775	0.00604806318821385	0.508122349694785	0.997	0.999
"MTOR"	2.44267414447057e-05	0.000100336296247904	0.243448705584606	0.00440819977228475	0.00783841070879324	0.562384383270396	1	1
"MUC1"	3.24145343227979e-05	0.00010976667943646	0.295303952795269	0.00440902073170402	0.00783221129958981	0.562934344217058	1	1
"MYB"	1.42076973218167e-05	9.70605813325942e-05	0.146379685004478	0.00389805990643219	0.00736946811179003	0.528947251999895	0.994	0.991
"MYBBP1A"	0.000222577550542491	0.00045311869798232	0.491212460517742	0.00525081600968468	0.00724500241673704	0.724750070138625	1	1
"MYC"	0.00505383340005316	0.00540845955704195	0.934431208507965	0.0439661939073915	0.0341322976941693	1.28811116970019	0.83	0
"MYD88"	6.92485589477927e-05	0.000380815825677146	0.181842650117439	0.00785809260540312	0.0135769819008226	0.578780517113825	1	1
"NAA10"	0.000231408064940924	0.00110656473024164	0.209122935709681	0.00331725168970146	0.00667733020831048	0.49679311734095	1	1
"NACC1"	0.000877172642551535	0.00144504072412082	0.607022783447999	0.0104168596231741	0.0107031747781385	0.973249511392712	1	0.744
"NBN"	3.93901924620323e-05	0.000223937398119353	0.175898232241845	0.00512897975946498	0.0081450108547908	0.629708155201312	1	0.999
"NCBP1"	0.000100601843321599	0.00131739749228354	0.0763640768339544	0.00428839944151371	0.00716743101829637	0.598317504635436	0.961	0.95
"NCL"	4.79119584310465e-05	0.000160062203671185	0.299333367479257	0.00363296295426102	0.00608983352484614	0.596561948604795	0.996	0.999
"NCOA1"	0.00369994441148204	0.00359671404236431	1.02870130010388	0.0324219451830815	0.0258021517594234	1.25655974297727	0.358	0
"NCOA2"	0.000866632394130247	0.000970344926819326	0.893117869921744	0.0204867216224712	0.0178725724867039	1.14626596913858	0.793	0.002
"NCOA3"	0.00192826442295304	0.00186864871373318	1.03190311200909	0.0272260169082361	0.0212151159237814	1.28333104594148	0.33	0
"NCOA4"	1.98208582175038e-05	6.85785273469936e-05	0.289024261445777	0.0043961517005509	0.00710857828030593	0.618429104555307	0.992	0.997
"NCOA6"	0.00248381027519438	0.00230337894055831	1.07833332651393	0.0161846831219578	0.0141121669743296	1.14686023425021	0.301	0.008
"NCOR1"	0.00499275589541757	0.00535705041097179	0.93199718359788	0.0478797265569981	0.0354515585130632	1.35056760732692	0.833	0
"NCOR2"	0.0185047528459226	0.0155446543361349	1.19042549585079	0.0681010136613591	0.0473872009322854	1.43711830033331	0	0
"NDUFAF3"	0.000140161024729493	0.000437138201907558	0.320633209629968	0.00352836655397444	0.005739742056142	0.614725630431212	1	0.999
"NEDD9"	8.39299239504716e-05	0.00026882660785362	0.312208395666595	0.00515552803094759	0.00811601036351998	0.635229355314868	1	1
"NEK6"	0.000110771949431979	0.000323585458196929	0.342326722743407	0.00630999482793246	0.00922775187609283	0.683806295689456	1	1
"NFATC1"	0.00383041058183337	0.00361972367503606	1.05820524595574	0.0221786224400127	0.0186819474064267	1.18716865846561	0.262	0
"NFATC2"	0.000474647932674229	0.000597285786150358	0.794674749810209	0.0151115588018059	0.0143719097408232	1.05146491136677	0.997	0.055
"NFATC4"	2.62477693542965e-05	0.00015175824706858	0.172957778976157	0.0032514058020654	0.00717628657489388	0.453076360333824	0.972	0.983
"NFE2L1"	0.00161475757167178	0.00335252533393062	0.481654099770391	0.00932342330913982	0.0145194380622341	0.64213389451969	0.979	0.999
"NFE2L2"	0.0087307819684991	0.00879086126499847	0.993165709856145	0.0213688457269028	0.0197911167321874	1.07971904850369	0.493	0.152
"NFIA"	0.000949279848294346	0.00150227825583049	0.63189348884609	0.00891920877976569	0.0106927622717995	0.834135142355941	1	1
"NFIB"	9.12796844897427e-05	0.000663384767135317	0.137596895514973	0.00666473006898539	0.0114602183186376	0.581553499565244	0.644	0.754
"NFIC"	0.00118126742434684	0.00165838664091655	0.712299167879203	0.0121923715221387	0.0125465879067618	0.971767911144015	0.998	0.704
"NFIX"	0.00302387835772108	0.00339471217421542	0.890761337791459	0.0157652827719949	0.0146945283503722	1.07286755968562	0.856	0.053
"NFKB1"	0.00182999434576016	0.00256599947572593	0.713170194722058	0.0228374372697514	0.021742236637746	1.05037203164757	0.998	0.107
"NFKB2"	6.61115997397281e-05	0.000275768395999158	0.239735954876895	0.0042143366649158	0.00746344010667288	0.564664096540128	1	1
"NFKBIA"	0.000186025495368069	0.000488014026941943	0.381188828800201	0.00826565816922999	0.011522135628802	0.717372059791436	1	1
"NFKBIB"	0.000272833265324937	0.000469861328923852	0.580667632192291	0.0143833479859338	0.0151928328110017	0.946719296188024	1	0.889
"NFYA"	0.000352605546252229	0.000634644590482562	0.555595291506574	0.0128463313018837	0.0139492590321839	0.920932880538278	1	0.967
"NFYB"	0.000123760281114761	0.000568470662451687	0.217707419730353	0.00360572134962547	0.00709336484144331	0.508323120299534	1	1
"NFYC"	0.000473249942388375	0.000853090151544364	0.554747867539723	0.0109886216539852	0.0131886539549983	0.833187502794454	1	1
"NIN"	0.000226177193913634	0.000649472833894397	0.348247350943719	0.00445763153749761	0.00758974358530726	0.587323074540621	0.999	0.999
"NLK"	0.000497370110868458	0.000898953354744773	0.553276883881999	0.00872751019221936	0.0108507632290736	0.804322240562291	0.99	0.992
"NMI"	0.000257299869902134	0.000663585002096897	0.38774214168355	0.00386826562828186	0.00650778622948876	0.594405761325345	1	1
"NOL9"	2.72575838404969e-05	8.380462237458e-05	0.32525155615718	0.00515681480605471	0.00780789829186572	0.660461319203798	1	1
"NONO"	0.000479754795267587	0.000834342361690108	0.57500951323598	0.00670516971998932	0.00865136908354821	0.775041459361634	0.995	0.997
"NOTCH1"	0.000953359501115143	0.00153776677251843	0.619963649984328	0.0179157436584296	0.016301443927077	1.09902802098845	1	0.007
"NPM1"	0.00483830471761554	0.00500840865045479	0.966036331156044	0.0338619151442088	0.0285309881172922	1.18684691203126	0.68	0
"NR1H2"	0.000260150955686749	0.000563620558374788	0.461571090374878	0.00945644437152717	0.0108721354415687	0.869787211753382	1	0.948
"NR1H3"	8.19607387911948e-05	0.000327125708385249	0.250548143084711	0.00428880246843891	0.00636551858487608	0.673755391843288	0.914	0.862
"NR2C2"	8.21096978671221e-05	0.000347621983914158	0.236203984979841	0.00426018435593915	0.00713886317984443	0.596759490778193	0.944	0.932
"NR2C2AP"	0.000381468099805715	0.000935210067800693	0.407895630019042	0.00943867367046691	0.0109302121210255	0.863539844053944	1	0.993
"NR2F1"	8.03239554127903e-05	0.000399995979008539	0.200811907189386	0.00341432027703156	0.00679832378935352	0.50222972350604	0.902	0.916
"NR2F2"	0.00013855650628171	0.000551243759957954	0.251352516520602	0.0052320921219663	0.00838009680579768	0.624347456027779	1	1
"NR2F6"	0.000242867659504811	0.000819061661104337	0.296519384361555	0.0057259876682927	0.00897141300081699	0.638248140819206	1	1
"NR3C1"	0.00266830712447159	0.00329096579929873	0.81079758563282	0.0211534016542417	0.0185085623584752	1.14289814868065	0.98	0
"NR4A1"	2.35672929233135e-05	0.000100725202806151	0.233976127788688	0.00412131310849552	0.00784105629524475	0.52560687658816	1	1
"NRBF2"	1.57767633571142e-05	9.24409238914227e-05	0.170668603178879	0.00515398105649638	0.00790965200669482	0.651606550090192	0.999	0.997
"NRF1"	0.000119906512516613	0.00116578969857836	0.102854324980599	0.00398267217376934	0.00715827941577202	0.556372829620791	1	1
"NRIP1"	0.000338825723003792	0.000614241773432136	0.551616216381004	0.0105454505007495	0.0113759920082588	0.926991728993275	0.992	0.796
"NSD1"	5.64556042951585e-05	0.000157566805225976	0.358296306218763	0.00669427722281303	0.00808916122513698	0.827561354817683	1	0.96
"NUP205"	0.00367416926028195	0.00531460558175371	0.691334324582097	0.00346901426535836	0.00619517888733067	0.559953849347691	0.793	0.931
"NUP62"	0.00427264430260432	0.0057900809116508	0.737924800671939	0.0116504797057551	0.0133209167870382	0.874600441697187	1	1
"NXT2"	6.19118957402263e-05	0.000272275817822995	0.227386685439964	0.00396456772991065	0.00749439484475645	0.529004384214492	1	0.998
"OAT"	4.85215770343389e-05	0.000186610426164212	0.26001535944	0.00363738481720117	0.00578210687037937	0.629076026912404	1	1
"OGT"	0.000357498290456393	0.00111588131562168	0.320373040978128	0.00673885508187538	0.00949523587176323	0.709709076518601	1	1
"ORC4"	0.000167797129996427	0.000628632005812118	0.266924255279769	0.00466454156479073	0.00820814695204962	0.568281926729634	1	1
"OTUB1"	0.00151162885962036	0.00234232224935334	0.645354779871849	0.00696981568117089	0.00888580969557547	0.78437597922465	0.996	1
"PABPN1"	0.000119513518797709	0.000296677100463975	0.402840389806968	0.00440734227437625	0.00640102644568399	0.68853680136691	0.906	0.957
"PAK1"	0.000909753342981332	0.00304685559483335	0.298587614235485	0.00435061139365072	0.00884495516853279	0.491874894869864	1	1
"PARP1"	0.006987272442733	0.00657590348326397	1.06255702513213	0.0577784007793774	0.0419193720625432	1.37832219178218	0.118	0
"PATZ1"	0.00759430285977696	0.00611145659371698	1.24263385386463	0.0163490539739758	0.0147156063437941	1.11100104148073	0.02	0.017
"PBX1"	0.0098699863997819	0.00850417225495212	1.16060518341858	0.0138177638935719	0.0141273557018242	0.978085650649237	0.131	0.601
"PBX2"	0.00586026654245772	0.00818029736213297	0.716387960367456	0.00528150435166444	0.00871404742787665	0.606090843018442	0.979	1
"PCBP1"	0.000918459730647033	0.00154034169154929	0.596270123496584	0.00602040246757565	0.00738577342645679	0.815135006174139	0.998	1
"PCGF2"	0.000295971078577814	0.000807192662348149	0.366667206459515	0.00413349982681272	0.00594248133430563	0.695584822951019	0.933	0.941
"PCGF6"	1.26735203003412e-05	4.28823653242089e-05	0.295541540316724	0.00455583735577239	0.00739438435560284	0.616121253194035	1	1
"PCNA"	3.13523490222031e-05	0.000118287049403049	0.265053099053757	0.00468156082852261	0.00694757987491777	0.673840518973238	1	0.998
"PDGFRB"	3.45907080962385e-05	0.000171669464614349	0.201495986335984	0.00409089856718778	0.00780446229348559	0.524174300976823	0.998	0.996
"PDS5A"	0.000255333276602029	0.000671311642288126	0.3803498412924	0.00394772569280968	0.00633843261725472	0.62282364287711	1	1
"PELP1"	0.000144867028437207	0.000401020319669454	0.361246104827344	0.00794247870437782	0.0110907642192864	0.716134483371863	1	1
"PGR"	0.0160851839978234	0.0141808224466067	1.13429133312874	0.0232670283012873	0.0189278129368571	1.22925075278933	0	0
"PHB"	0.000105616611036434	0.000262891635048092	0.40174960689454	0.00689715575497439	0.00853573847859348	0.808032693629445	1	1
"PHB2"	0.0011013554801801	0.00202662978143513	0.543441870966776	0.00497358052936111	0.00706329382188655	0.704144646220126	0.929	0.999
"PHF1"	0.000587365595960868	0.00124731226420966	0.470905011371023	0.00533315144385209	0.00804906599040182	0.662580161500931	1	1
"PHF8"	0.000760439317213836	0.00136931281689858	0.555343751865397	0.0108076464259045	0.0116911401624673	0.9244304897311	0.999	0.967
"PIAS1"	0.00811647979413399	0.00624707519918377	1.29924477220868	0.0379525411172444	0.0269218406901315	1.40973054383894	0	0
"PIAS2"	0.000168513190711243	0.000329781791998912	0.510983913604905	0.00598863841398911	0.00812304718731803	0.737240382320906	0.996	1
"PIAS3"	0.000574907868474487	0.00116674556480508	0.492744850134083	0.00824134952029715	0.00999703791490232	0.824379140146302	0.999	0.995
"PIAS4"	0.000270944127138618	0.000673867401778347	0.402073355119407	0.00921494932642763	0.0129195320439008	0.713257205842679	1	1
"PIK3R1"	0.000532029069913724	0.0015405482492848	0.345350475170589	0.0055726158104569	0.00837159987033442	0.6656572097054	1	1
"PIN1"	0.00518535329819549	0.00499152865685741	1.03883071793484	0.0285520805036336	0.0212695146708976	1.34239454662783	0.262	0
"PKM"	4.01974500804989e-05	0.000143478822374671	0.280162949592171	0.0040093948447559	0.00674706960871664	0.594242401112344	1	1
"PKNOX1"	4.74865975974224e-05	0.00269835626096677	0.0175983424740248	0.00197298727117382	0.00936299848017323	0.21072173357197	0.677	0.689
"PLK1"	0.000858985451569688	0.00123048717803855	0.698085658185358	0.014981429417448	0.0141023242378414	1.06233760937418	1	0.054
"PML"	0.00789586453403714	0.00743474220675803	1.06202263837204	0.0467563993811061	0.0340347462678318	1.37378427954664	0.137	0
"PNKP"	0.000185023551175272	0.000808311148770403	0.228901397013673	0.00436248280115237	0.00749117669372054	0.582349473188799	1	1
"PNMA1"	0	0.00179480991124063	0	0	0.00777438570716065	0	1	1
"PNO1"	0.000286861543209146	0.000609424847399376	0.470708643458307	0.00548991496454937	0.00802603347437473	0.684013464693039	1	1
"PNRC2"	8.21767505363367e-05	0.000384491098602364	0.213728616436249	0.00734815561499167	0.0102215475467299	0.718888757440895	0.999	0.993
"POGZ"	0.00162487506049729	0.00366000725915816	0.443954054034041	0.0202402944688634	0.0181614323877447	1.11446575560425	1	0.001
"POLR1A"	2.72575838404969e-05	8.380462237458e-05	0.32525155615718	0.00515681480605471	0.00780789829186572	0.660461319203798	1	1
"POLR2A"	0.000380189631998642	0.000669082599139009	0.568225257222171	0.00744205526278063	0.00903384436797864	0.82379715209172	1	1
"POLR2L"	0.000285737805191035	0.000540271000763342	0.528878664202446	0.00541288957359481	0.00839794089743462	0.644549615162012	1	1
"POU2F1"	0.00559311246240177	0.00778436934313378	0.718505535369437	0.0234447191131998	0.0194115016014197	1.20777462736243	1	0
"PPARD"	6.20626184906993e-05	0.00026013086389431	0.238582294932581	0.00340772308298927	0.00567828357465722	0.600132599611316	0.771	0.76
"PPARG"	0.00379271397288327	0.00416228108521395	0.911210438515666	0.0554249850199701	0.0406145006738264	1.36466001306002	0.978	0
"PPIG"	0.000866107628443733	0.00246372922129842	0.351543351824712	0.00765000577640604	0.0113712207959427	0.672751493765349	1	1
"PPM1G"	0.000589449577604015	0.00423499295476068	0.139185491900618	0.00266182861318895	0.00676028786133726	0.393744862317506	0.887	0.964
"PPP1CA"	0.000368943610784905	0.000573740726300811	0.643049366851933	0.0071308834712982	0.00904302545794314	0.788550635455154	0.947	0.993
"PPP1CB"	9.6556150997059e-05	0.000377367024511057	0.255868013698769	0.00509230280838098	0.0084298139128163	0.604082469796739	0.998	0.994
"PPP1CC"	0.000243480136624747	0.000419535123111627	0.58035697897924	0.00695553554782359	0.00858097985695283	0.810575909019037	0.967	0.988
"PPP2CA"	0.000117278726281981	0.000231336565849123	0.506961473433775	0.00629605275657506	0.00778606577663799	0.808630820390229	1	0.999
"PPP2R1A"	6.7602078814901e-05	0.000485882745687045	0.139132495267579	0.00272894697637	0.00622852888331421	0.438136681629696	0.788	0.784
"PPP3CA"	4.66415232641823e-05	0.000297455837761946	0.156801505780194	0.00344451168528987	0.00728333370093094	0.472930642303209	0.988	0.985
"PPP3CB"	4.66415232641823e-05	0.000281497832056728	0.165690523878646	0.00344451168528987	0.00714866182072593	0.481840066248943	0.986	0.981
"PRDM10"	0.000152986201578328	0.000943513592588596	0.162145201489466	0.0035723514302642	0.00713527158327922	0.500660891259647	0.991	0.985
"PRDX1"	0.000112851197888003	0.00032629127203655	0.345860302004527	0.00542140348226358	0.00786569682424886	0.689246433392925	1	1
"PRDX6"	6.24916576006118e-06	8.34996519483308e-05	0.0748406204606474	0.00459361442848196	0.00823160228867637	0.558046206241168	1	0.996
"PRKAA1"	0.000263478794263446	0.00089368009557718	0.294824507748803	0.0048023102451101	0.00815021865269394	0.589224712826908	0.997	1
"PRKAA2"	0.00077112723697797	0.000947155773310782	0.814150384453125	0.0162692140907878	0.015294010682267	1.06376374574208	0.913	0.026
"PRKAB2"	0.000612584571754063	0.0011127520235709	0.550513105146495	0.00568497636247702	0.00819171490982727	0.693990992735475	1	1
"PRKCD"	0.000256860031442855	0.000436479413671737	0.58848143439826	0.0143723187312973	0.0146957169498625	0.97799370934616	1	0.735
"PRKCZ"	7.57649225647569e-05	0.000321443502724449	0.235702143370758	0.00352342321609263	0.00741140633634014	0.475405483951991	1	1
"PRKDC"	0.000964105973127041	0.00121695623377567	0.792227317933898	0.01489482459035	0.013914934556121	1.07042002463446	0.99	0.052
"PRMT1"	0.000348224738487184	0.0009462229222842	0.368015538713185	0.0071794665409497	0.0105490668216105	0.6805783546884	1	1
"PRPF6"	3.5771872772123e-05	0.000140581754971683	0.254456012299239	0.00381825966898986	0.00611057997596742	0.624860436162666	1	1
"PSEN1"	0.000194798397798793	0.000509706106517094	0.382177877227885	0.00894596470886543	0.011342668806727	0.788700160544213	1	1
"PSIP1"	0.000117769475621671	0.000365342662922493	0.322353471340016	0.00540021919760579	0.00805355747152287	0.670538357328521	0.998	0.997
"PSMA1"	0.000349353465700773	0.000602709343648238	0.579638376910029	0.00821871405443709	0.00935315461145829	0.878710381240632	1	0.992
"PSMA3"	0.00489722387442317	0.00526714476796638	0.929768231206975	0.0110585031712301	0.011983777826779	0.922789401729291	0.786	0.983
"PSMA4"	6.26370166478574e-05	0.000259146314127706	0.241705219148864	0.00407111250565927	0.00776215687525105	0.524482121540168	0.998	0.997
"PSMA5"	0.000188443573153696	0.000494020271012412	0.381449070434928	0.00474011886027131	0.00687616198604721	0.68935532203717	0.997	0.998
"PSMA7"	6.26370166478574e-05	0.000259146314127706	0.241705219148864	0.00407111250565927	0.00776215687525105	0.524482121540168	0.998	0.997
"PSMC5"	0.00157279814725596	0.00237745680450809	0.661546466069813	0.014699023228304	0.0157631753873107	0.932491256814707	1	0.966
"PSMD11"	0.0002252927235962	0.000532360951792952	0.42319543316885	0.00651086036120063	0.0089776872204855	0.725226909926645	1	1
"PSMD2"	0.000113641194690139	0.000290443506708513	0.391267809626704	0.00677388902774042	0.00934948544554904	0.724519982109307	1	1
"PSMD4"	2.85819547585377e-05	0.000141369443036715	0.202179156574273	0.00456007579031735	0.00791342198485242	0.576245750453606	1	1
"PSME3"	0.000218847191131413	0.00069492887572556	0.314920272816293	0.0058247858967675	0.00825543125664189	0.705570153234718	1	1
"PTEN"	1.83673652160271e-05	9.06458255699653e-05	0.202627811049613	0.00367813024956502	0.00725172380213854	0.507207713630838	1	1
"PTGER3"	2.72575838404969e-05	8.380462237458e-05	0.32525155615718	0.00515681480605471	0.00780789829186572	0.660461319203798	1	1
"PTGES3"	2.98187107434954e-05	8.92126760431739e-05	0.334242980549814	0.00542058044785843	0.00824372035175439	0.657540554090344	0.984	0.963
"PTK2"	2.44267414447057e-05	0.000100336296247904	0.243448705584606	0.00440819977228475	0.00783841070879324	0.562384383270396	1	1
"PTPN6"	0.000863247444256156	0.00419295930374595	0.20588023439315	0.00284900284900285	0.00735612982336798	0.387296434050486	0.684	0.757
"RANBP9"	0.000295798151984333	0.000499016328243351	0.592762471371646	0.0104974820999851	0.0116776446855017	0.898938303288008	0.993	0.891
"RANGAP1"	7.15016423432469e-05	0.000382076880428119	0.187139410956059	0.00388040959228916	0.00707986373547598	0.548090999667845	0.999	0.999
"RARA"	0.00602634278660992	0.00652701308745821	0.923292585116715	0.0419412929267252	0.0325021172669579	1.29041725442802	0.851	0
"RB1"	0.00618095242948111	0.00582839041056742	1.06049046032923	0.0462205636802594	0.0362948855594662	1.27347318961871	0.123	0
"RBBP6"	0.000247948634423019	0.0006808170937363	0.364192727685913	0.00399955017561499	0.00732920524881639	0.545700391766336	0.994	1
"RBL2"	6.90016518789535e-05	0.000251667318748034	0.274178038778397	0.00672668441362075	0.0105686953790887	0.636472542006485	1	1
"RBM14"	6.36114083767553e-05	0.000240841548416311	0.264121405941132	0.00536249354544516	0.00806236348071639	0.665126740846057	1	0.997
"RBM39"	0.000507356359606434	0.00128659183617963	0.394341348467563	0.00536452577377981	0.00763418990232973	0.702697449554237	1	1
"RBM48"	0.000206140435565472	0.00163260332857055	0.126264862969477	0.00601455503529851	0.00947999624358046	0.634446985078857	0.989	0.986
"RBPJ"	0.00561538483243642	0.00595870761414002	0.94238301256989	0.0155106403912757	0.0156889743845131	0.988633164356908	0.643	0.557
"RBPMS"	0.00456063094955655	0.00596851072950683	0.764115397666947	0.00806135657246897	0.0100778315582301	0.799909834361699	0.855	0.982
"RCC1"	0.000186938992087319	0.000459784706134538	0.406579404649921	0.00814864636504475	0.01038481520862	0.78466936592968	0.991	0.989
"RCHY1"	1.83673652160271e-05	9.06458255699653e-05	0.202627811049613	0.00367813024956502	0.00725172380213854	0.507207713630838	1	1
"RECQL"	0.00063914987884893	0.000969361047787819	0.659351724837237	0.0129189527922247	0.0124016754851467	1.04171027597824	1	0.216
"RECQL5"	0.000109491361665921	0.000227090209513984	0.482149194807884	0.00513951811209404	0.00801504712228306	0.641233673823999	0.997	1
"REL"	0.000335527046764526	0.000568408315989683	0.590292290464336	0.00942008520121223	0.0117867244028462	0.799211458523414	0.997	1
"RELA"	0.0224618410044866	0.0213169273621739	1.05370913091088	0.0927462682907828	0.0711881204714007	1.30283350194704	0.092	0
"RFWD2"	0.0022992407820189	0.00291176523237788	0.789638105590412	0.0189235975036099	0.0183674378447096	1.03027965378745	0.966	0.294
"RING1"	0.000183845635887098	0.000468879726859463	0.392095510544866	0.0108132870174387	0.0131226515579288	0.824016927501608	1	1
"RNF6"	0.000114878245466893	0.000278066255983973	0.413132636537942	0.00674219978141222	0.00874040738331806	0.771382784088575	1	1
"RNPS1"	0.000132603063005462	0.000632311574195822	0.209711585896727	0.00362929749199157	0.00690847141903239	0.5253401616446	1	1
"RPA2"	0.00108676553498666	0.00158991563232724	0.683536605898959	0.0143698382553165	0.0135042687534815	1.06409599198859	0.987	0.134
"RPL11"	0.000415203238345288	0.000812636401026749	0.510933595665524	0.00578115814544852	0.00857433920596048	0.674239496080319	1	1
"RPL30"	0.000126007579767891	0.000461244758271187	0.273190269392297	0.00521186364949995	0.00832163725766336	0.626302671953211	1	1
"RPS3"	5.18347006212705e-05	0.000175226779366242	0.295814947970542	0.00644949139177696	0.00901100549778263	0.715734930287636	1	1
"RPS6KA5"	0.000136183142680687	0.000347855414863833	0.391493525360228	0.00770028225815774	0.0098095246622217	0.784980161965743	1	0.997
"RPS7"	0.000494880259135432	0.0012685545051099	0.390113516716854	0.00496496121921194	0.00755160549000455	0.657470947838	1	1
"RUNX1"	0.00011147614484147	0.000300285191890989	0.371234239489034	0.00518930587942236	0.00721649401465365	0.719089611781715	0.999	1
"RUNX1T1"	0.0013513782437059	0.00203824936493197	0.663009279902808	0.0160452965108614	0.0154919637655652	1.03571740507979	1	0.114
"RUNX2"	0.00093452852927842	0.00130237631845872	0.717556451260088	0.00871887638358511	0.00973423308429779	0.895692172981707	0.876	0.953
"RUVBL1"	0.000150910894104707	0.000397768462451518	0.379393814116423	0.0052720967271876	0.00770893503042315	0.683894300105187	1	1
"RUVBL2"	0.000266820767629922	0.00052703355800113	0.506269028943599	0.0114487409785792	0.0118102504441932	0.969390194786962	1	0.798
"RXRA"	0.00301598437498597	0.00267804466798156	1.12618897326276	0.0384228966626581	0.0283401599569706	1.35577557504955	0.024	0
"RXRB"	0.00046454686491016	0.00114473536851318	0.405811576795716	0.0108667412130293	0.0116452557548095	0.933147493007299	0.998	0.831
"RYBP"	0.000678405993376499	0.00107037822726132	0.633800254992363	0.0114018489860739	0.0128413307519353	0.887902446119581	1	0.997
"S100A4"	0.000187564318881005	0.000628682574829733	0.298345025598655	0.00544977431711298	0.00784258727580128	0.69489495308883	1	1
"SAP130"	5.58539563074748e-05	0.000670877462126257	0.0832550792963786	0.00435912957213042	0.00767505379376499	0.567960784284231	0.798	0.796
"SAP30"	5.81644404853429e-05	0.000385041613556461	0.151060141131509	0.00507273163358817	0.010138689336091	0.500334063450451	0.999	0.998
"SAP30L"	0.000290899459041071	0.0035813854123619	0.0812253989858147	0.0034015669165836	0.00770817403781484	0.441293476236545	0.675	0.64
"SART3"	7.48580198484973e-05	0.0004524023599388	0.165467792561082	0.00409389913143018	0.00715752816349472	0.571971082462539	1	1
"SATB2"	0.000637953505641182	0.000945957177481148	0.674399984299391	0.011907862531387	0.0125774668467759	0.946761591698365	0.964	0.727
"SCAND1"	0.00492132451724121	0.0083909327396062	0.586505060875053	0.00685587749564395	0.00946075183856924	0.724665186512362	1	1
"SDCBP"	0.000277200470515487	0.000609928229461626	0.454480473481555	0.00698646573753624	0.00914578448465129	0.763900106028206	1	1
"SENP3"	0.000255485032922441	0.000552366488963831	0.462528118607808	0.00678450951055042	0.00912472995017748	0.743529895963492	0.998	0.999
"SERTAD1"	0.000972675845371959	0.00174184582007765	0.558416729058488	0.00442682847263	0.00760698585692943	0.581942513879853	0.456	0.523
"SET"	0.000545071658662201	0.00076451610142782	0.712962954794827	0.0145585996262152	0.0134764007521871	1.08030325707347	1	0.011
"SETD7"	2.44267414447057e-05	0.000100336296247904	0.243448705584606	0.00440819977228475	0.00783841070879324	0.562384383270396	1	1
"SETDB1"	8.22788695732242e-05	0.000233332312317538	0.352625269753691	0.00388024933118587	0.00682929007188201	0.568177554378877	0.984	0.997
"SF3B1"	0.000159522753241679	0.000334020737926574	0.4775833806964	0.00484352050580747	0.00736962909718189	0.657227174113771	1	1
"SFN"	6.21363426163983e-05	0.000187260878841286	0.331816997767388	0.00603111787759499	0.00786859696477808	0.766479450477877	1	0.99
"SFPQ"	0.000109415447145444	0.00022188951290959	0.493107789145607	0.00329333642517438	0.00627000063712849	0.525252964995336	0.784	0.932
"SHMT2"	4.26006231283861e-05	0.000179795817322064	0.236938899707976	0.00323866251263453	0.00594824496645139	0.544473627246501	0.892	0.887
"SIAH1"	0.00123041352973635	0.00143565282934186	0.857041134589901	0.0155108079678617	0.0147067210117927	1.05467479497464	0.96	0.029
"SIN3A"	0.0129626839532194	0.0116545533800817	1.11224201653007	0.025527538272865	0.0205833078881758	1.24020582170514	0.057	0
"SIN3B"	6.94337495843145e-05	0.000227562059167242	0.305120061922474	0.00329823421411036	0.00592963750229247	0.556228641773671	1	1
"SIRT1"	0.00420354383642506	0.00373991544838508	1.12396761221973	0.0291439218136684	0.0220680894334673	1.32063638320543	0.076	0
"SIRT6"	0.00239689609978762	0.00441230047016302	0.543230479428129	0.00469683204411183	0.00691317239503828	0.679403286323777	0.998	1
"SIRT7"	8.40860026576582e-05	0.000346634274097013	0.242578443452262	0.00432046226028383	0.00785487801382885	0.550035564228683	1	1
"SKI"	0.000274281076886307	0.000849476725694598	0.322882391700649	0.00687097652013366	0.00939436679764854	0.731393255993953	1	1
"SKP2"	0.00136051571992758	0.00153425002880723	0.8867627142789	0.0197829168531358	0.0167344632392375	1.18216620218511	0.929	0
"SLC2A1"	4.26006231283861e-05	0.000179795817322064	0.236938899707976	0.00323866251263453	0.00594824496645139	0.544473627246501	0.892	0.887
"SMAD1"	0.00160868499435175	0.00187918414699316	0.856055005000849	0.010828474887117	0.0114986516962216	0.941716922400142	0.727	0.837
"SMAD2"	0.0124953250004701	0.00969324092092264	1.28907607913667	0.0495317052681761	0.0356460821879086	1.3895413528777	0	0
"SMAD3"	0.0299077716167636	0.0258272849768476	1.15799131203972	0.0764384058631218	0.0561608287190115	1.36106264110818	0.027	0
"SMAD4"	0.0122781055182765	0.0105188885871066	1.16724361291612	0.0631648761603762	0.0452303846041725	1.39651423955721	0.007	0
"SMAD7"	5.71026057565987e-05	0.000373840494503043	0.152745907937306	0.00476105218381855	0.00906720963554153	0.525084604325927	1	1
"SMARCA1"	0.000158758737816189	0.000399743037797201	0.397151977157712	0.00677074673780296	0.0091745255104676	0.737994213442203	1	1
"SMARCA2"	0.000460513159159348	0.00064585998535386	0.713023208748624	0.011768949763506	0.0108145357297143	1.0882528901513	0.775	0.202
"SMARCA4"	0.00764445184145384	0.00695886848352493	1.09851937273308	0.0545035525532588	0.0380640751998331	1.43188957743279	0.048	0
"SMARCA5"	0.000446766515222398	0.000639451945960831	0.698670976051365	0.00872522534705504	0.0100211635426853	0.87067986765108	0.992	0.983
"SMARCB1"	0.00013676472877455	0.000378939147521069	0.360914752854733	0.00480298932645224	0.00746298777207379	0.643574594135721	1	1
"SMARCC1"	0.00108342646707831	0.00157362290905524	0.688491798666537	0.0135706427199115	0.012624040329025	1.07498410700654	1	0.032
"SMARCC2"	0.000764299450121542	0.0010844516204475	0.704779665326292	0.0162002476611832	0.0146483676733022	1.10594217884832	1	0.001
"SMARCD1"	0.000111327470556561	0.000352145650804537	0.316140410373419	0.00668974753279294	0.00933127315142409	0.716916912004874	1	0.999
"SMARCE1"	0.00102128962259867	0.00134963858879264	0.756713412819866	0.0183109500676369	0.0157626693048451	1.16166556016046	1	0
"SMC1A"	0.00018180018457119	0.000778503167099129	0.23352529861711	0.00604832014566874	0.00915762545474793	0.660468172186806	1	1
"SMC3"	0.000117253235287104	0.000553346791956328	0.211898283303606	0.00392433018413176	0.00687594509007752	0.570733205795207	1	1
"SMURF1"	0.000196494195004188	0.000381557437028037	0.514979334526114	0.010044624382089	0.0109458094052614	0.917668489391082	1	0.967
"SMURF2"	3.3180197317896e-05	0.000140029916178666	0.236950776115304	0.0058902586122392	0.00894336592434411	0.658617645981111	1	1
"SMYD3"	0.00026627749728691	0.000907392262399547	0.293453568341826	0.00446246955156725	0.00850518881353534	0.52467612999556	0.999	1
"SNCA"	9.46047474977447e-05	0.000454734523980417	0.208043908057922	0.0054741218135886	0.00879978437702231	0.62207453944922	1	1
"SNRNP200"	6.94337495843145e-05	0.000227562059167242	0.305120061922474	0.00329823421411036	0.00592963750229247	0.556228641773671	1	1
"SNRNP70"	7.64372665902316e-05	0.000173873437556957	0.439614398060039	0.00422324357230701	0.00633408340756517	0.666748967540107	0.994	0.999
"SNRPB2"	2.97197692190535e-05	0.000102121419702871	0.291023854794862	0.00305558760246018	0.00621206980177166	0.491879148168737	1	1
"SNW1"	0.000599323993262005	0.00155399302192678	0.385667107126973	0.00661611591435606	0.00881657905465152	0.750417579578724	0.991	0.998
"SORBS3"	3.16885368046267e-05	0.000176340410861962	0.1797009355356	0.00223984184973855	0.00691092400522591	0.324101646616982	0.706	0.736
"SOX9"	3.48946542445422e-05	0.000197554118835969	0.176633392662977	0.00446804584783631	0.00812024742053358	0.550235185757766	1	1
"SP1"	0.00640628114125469	0.0225059161733586	0.284648760437406	0.032979976442874	0.0553079226524482	0.596297507865523	1	1
"SP100"	3.56966100484375e-05	0.00018811971172927	0.189754756268231	0.00325071772207556	0.00661347028754814	0.491529799142822	0.981	0.993
"SP4"	3.0351014218843e-05	0.000254578940751317	0.11922044348708	0.00418194301504819	0.00778187757951891	0.537395117349909	1	1
"SPOP"	0.000892993782337354	0.00137240948356651	0.650675904699164	0.00721170882551445	0.00870147792532969	0.828791256772763	0.981	0.997
"SPTBN1"	0.000138758275574595	0.000487852192163924	0.284426877245578	0.00987493122309479	0.0132347409445742	0.746137099656883	1	1
"SQSTM1"	0.000148764045091738	0.000319388827649717	0.465777235185234	0.00535561620101645	0.0074474970657454	0.719116255265073	1	1
"SRC"	0.00031014916409908	0.000503306273225793	0.616223521537433	0.0141233638024535	0.0143348936438005	0.985243710445077	0.999	0.564
"SREBF1"	0.000407204795286015	0.00149047496357624	0.273204720130937	0.00862428312305105	0.0120871592654716	0.713507858516213	1	1
"SREBF2"	0.000526086409447456	0.000887821699274314	0.59255862959586	0.0161145228335176	0.0174806041479647	0.921851596038445	1	0.975
"SRF"	0.000901795301855957	0.00178728416234833	0.504561793168402	0.0126091269261768	0.0132285718705092	0.953173709876169	1	0.807
"SRPK1"	0.00291815563416683	0.00502317578136177	0.580938386626742	0.00377595617656163	0.00664317712585841	0.56839613110176	0.997	1
"SRPK2"	0.000904008576623387	0.00347442521399194	0.260189389883205	0.00554799078776198	0.00967087122285373	0.573680556789056	0.8	0.831
"SRRM2"	0.0022761389792284	0.00637876143210055	0.356830868101437	0.00541708704405742	0.00834899721514591	0.64883086009782	1	1
"SRSF11"	0.000165785752666429	0.000669675148955458	0.2475614526312	0.00419432790233466	0.00768117611763716	0.546052822913907	0.999	1
"STAT1"	0.00193239289962643	0.00207312885717229	0.932114225770885	0.0218332175966043	0.0193521985646609	1.12820347123112	0.64	0.003
"STAT3"	0.00612398431063604	0.00851880425963	0.718878392318176	0.04498238888416	0.0344106957935591	1.30722113711457	1	0
"STAT5A"	8.448880843493e-05	0.000613725495972989	0.137665469317	0.00596782372680154	0.011986658939818	0.497872155766215	1	1
"STAT5B"	3.7612751141597e-05	0.000262495777648375	0.143288975840141	0.00380533348791858	0.00855891880140268	0.444604461873729	1	1
"STIP1"	3.16520428124671e-05	0.000180997799873175	0.174875290388312	0.00432721440856709	0.00691142377288862	0.626095946473637	0.999	0.993
"STK19"	6.77088336275282e-05	0.000280155734134304	0.241682840569914	0.00429562746718217	0.00783576707895268	0.54820765138878	1	1
"STK40"	5.04645255071329e-05	0.000181151863919221	0.278575800520805	0.00363702382104785	0.00634200723479995	0.573481499846094	0.903	0.942
"STUB1"	0.00469500082018374	0.00480893696382783	0.976307415859034	0.0266214635778818	0.0212060271431274	1.2553725126448	0.524	0
"SUFU"	0.00372209635472884	0.00628230153785369	0.592473368605683	0.00579396641520798	0.00946035926188677	0.612446763893028	0.997	1
"SUMO1"	0.00889622963295547	0.00834483381562844	1.0660763089487	0.0468083475296511	0.0349280083388613	1.34013789379372	0.205	0
"SUV39H1"	0.00348115693144014	0.00809306276429176	0.43014085431287	0.00384009164582835	0.00756533312998755	0.507590555478245	1	1
"SUZ12"	0.000519608854433931	0.000790036895121943	0.657702010681069	0.00991905461520985	0.0102449133848823	0.968193116190388	1	0.768
"TADA3"	0.000403235613609855	0.00145451079570455	0.277231090206197	0.0070123675650074	0.00956639092111554	0.733021222196687	0.999	1
"TAF1"	0.000133923099738449	0.000346637823986158	0.386348778094675	0.00685946890242534	0.00869057997250963	0.789299324570221	1	1
"TAF12"	0.000196119543957776	0.000664265775106212	0.295242584079268	0.00325138361326928	0.00581245636601698	0.559382025175925	0.992	0.998
"TBK1"	0.000241451436794636	0.000704649883460439	0.342654476303751	0.00753180654135664	0.0105717775868329	0.71244466500482	1	1
"TBP"	0.00645447140424052	0.00598733437768975	1.07802086823336	0.0387705619296368	0.0290923224081482	1.33267332135636	0.141	0
"TCEA2"	0.000529444484538731	0.0013499446566128	0.392197177821482	0.00692186159417653	0.0096517717129599	0.717159688400236	1	1
"TCF12"	0.000476219142695902	0.000961856274289997	0.495104263937382	0.0101325066166214	0.0127894394174584	0.792255726454271	1	1
"TCF3"	3.15467558270338e-05	0.000145883269724309	0.216246564027877	0.00355606404728005	0.00721241138757295	0.493047866543938	0.97	0.979
"TCF4"	5.51689074713491e-05	0.000282980868751239	0.194956315297225	0.0044375465206375	0.00868410204903891	0.510996588430075	1	1
"TCF7L2"	4.77509007897743e-05	0.000244472999931413	0.195321777059924	0.00450336701422388	0.00744352651350769	0.605004497001747	1	1
"TDG"	0.000235767292428151	0.000458822200520199	0.513853279463907	0.00876727995740621	0.00980620554947886	0.894054271366169	1	0.937
"TEAD1"	0.000267351605392054	0.000474045061263134	0.563979307536023	0.0108494662393173	0.0118320859008227	0.916952964190611	0.996	0.838
"TEAD2"	0.00881936753352711	0.00777269699317392	1.13465989234784	0.0214360411739525	0.0183177558880391	1.17023293164145	0.167	0.012
"TFAP2A"	0.000133133365144484	0.000642481827085072	0.207217324338196	0.00750200501966213	0.0123233125245302	0.608765297863624	1	1
"TFAP2C"	5.50063163360894e-05	0.0002687387935923	0.204683200370166	0.00463447179374771	0.00857544704854691	0.540435007937343	0.998	0.997
"TFAP4"	0.000178307145781059	0.000417067127260722	0.427526252074029	0.00864288522758242	0.0110378536349565	0.783022271667987	0.996	0.979
"TFCP2"	0.000233152261074502	0.000956076035758414	0.243863722501477	0.00515988692246701	0.00832257859476599	0.619986565907834	1	1
"TFDP1"	0.000498641466835613	0.000996826721308203	0.500228832330269	0.00927526249687359	0.0121449060169423	0.763716284336367	1	1
"TFDP2"	7.21250862695678e-05	0.00021386209842729	0.337250437548144	0.00839906439301073	0.0123128551177222	0.682137839900489	1	1
"TFE3"	0.00157824141283293	0.00527867045788524	0.298984644982974	0.00234886799672259	0.00597232493110511	0.39329206361315	0.418	0.466
"TFEB"	3.89294205614648e-05	0.00055589124389285	0.0700306417651878	0.0029784475805038	0.00785184716555944	0.379330814482503	0.695	0.715
"TFIP11"	0.00018735427914596	0.000540930735307189	0.346355396203478	0.00472536204163896	0.00750389125995473	0.629721550851401	0.998	1
"TGFB1I1"	2.98187107434954e-05	8.92126760431739e-05	0.334242980549814	0.00542058044785843	0.00824372035175439	0.657540554090344	0.984	0.963
"TLE1"	0.00358195628197395	0.00339762647988891	1.05425252103965	0.014334751313488	0.0137418307212624	1.04314713259479	0.316	0.139
"TLE4"	3.89599837785465e-05	0.000280759135595189	0.138766575470302	0.00354479272351863	0.00857611718719984	0.413333055757372	0.528	0.566
"TMF1"	0.000169715745893836	0.000442530058005759	0.383512357688543	0.00671608862948669	0.00916484595406082	0.732809767141899	0.985	0.972
"TOLLIP"	0.000158344056825393	0.000478282318917035	0.331068179948462	0.00422328468976251	0.00686271858308404	0.615395289582835	0.989	0.996
"TOP1"	0.000341816796648211	0.000525884494287908	0.649984550525795	0.00387492683897063	0.00657029300797827	0.589764693030482	0.567	0.997
"TOP2A"	1.82579232584448e-05	6.51348229539411e-05	0.280309708853519	0.00370198340862237	0.00650223419578923	0.569340214017473	0.996	0.997
"TOP2B"	3.68307576264987e-05	0.000175833410750518	0.209463932191796	0.00431502814842593	0.00780539244908232	0.552826546080108	1	1
"TOPORS"	0.000442219108801395	0.00335337381679462	0.131872893677001	0.00199983088110942	0.00749772613956839	0.266724983532746	0.331	0.331
"TOX4"	0.00507386381425059	0.00744195271321181	0.68179199865687	0.00467706274843323	0.00760445956965383	0.615042095443231	0.988	1
"TP53"	0.0360149235552668	0.0413890467718904	0.870155907522047	0.10009034592824	0.0831409954911041	1.2038627314602	1	0
"TP53BP2"	0.000193758819648469	0.00067223536576384	0.288230625040542	0.00393360868898145	0.00733579448890305	0.536221222518144	1	1
"TP73"	0.00026517815246752	0.000490842886560701	0.540250576565556	0.00955889362346078	0.010387871009859	0.920197566410729	1	0.88
"TPI1"	5.97464033579557e-05	0.000279609925700602	0.213677691191587	0.00562602217011661	0.00929600419405289	0.605208652306316	1	1
"TRAF6"	0.000122222707559296	0.000312333727720781	0.391320874793771	0.00565426808017924	0.00851792928197441	0.663807821478956	1	0.998
"TRIB1"	4.96250390933067e-05	0.000242704372251824	0.204467017354829	0.00444272439848537	0.00779763989338644	0.569752445512836	0.957	0.933
"TRIB3"	2.34778062441451e-05	0.000179846340007139	0.130543697710018	0.00298538385180816	0.00680987625179686	0.438390323322018	0.858	0.854
"TRIM21"	0.000154960187413884	0.000333417300177846	0.464763488071038	0.00572055750638993	0.00760234910987449	0.752472350810573	0.999	0.997
"TRIM23"	0.000247340549336315	0.00202302461707753	0.122262748188218	0.00611734662004481	0.0100264832942446	0.610118866258553	0.998	1
"TRIM24"	0.000198080649767744	0.000505523784727789	0.391832502746443	0.00671988109084624	0.0100343643304766	0.669686775318342	1	1
"TRIM26"	0.000151824205445186	0.000533547890125177	0.284555910078787	0.00493752319757575	0.00812661069220227	0.607574717749609	1	1
"TRIM27"	0.000954870273633374	0.00171194355206456	0.55776971879816	0.00753803139961506	0.00957998100795702	0.786852436696279	0.997	0.997
"TRIM28"	0.00989639665792827	0.00798937692937902	1.23869442453474	0.0334752425275039	0.0259939429234699	1.28780934181706	0.016	0
"TRIM33"	0.000393070199992485	0.00097041079211199	0.405055470515751	0.00674936811454271	0.00960919757434103	0.702386235929338	1	1
"TRIP12"	0.000246791377681562	0.000660993034768963	0.37336456619066	0.00373782255402897	0.00571979200198959	0.653489244491547	0.999	0.998
"TRIP4"	0.000259308625137391	0.000597199103668112	0.434207994527566	0.00996595409384783	0.0116715483462468	0.853867353173634	1	0.999
"TRIP6"	0.000520082375505991	0.00187737099797319	0.277026957414102	0.0057522820665734	0.00960031018846645	0.599176688424508	1	1
"TRRAP"	0.000325908811361811	0.000537611849281474	0.606215826153001	0.0111725739402627	0.0113319484473922	0.985935824905183	1	0.633
"TSC22D3"	0.00013473368510771	0.000383934753682791	0.35092859871453	0.00775579020207813	0.0108548913557081	0.714497266524892	1	1
"TSG101"	4.35744654881159e-05	0.000147172986633987	0.296076518420353	0.00530924987147597	0.00816150784887112	0.650523159419657	1	0.988
"TUBA1A"	3.08789644567685e-05	0.000160349494125664	0.192572883532573	0.00418530910792959	0.00614579991474069	0.681003151093665	1	0.997
"TUBB"	4.26498647610719e-05	0.000138674175887161	0.307554485095884	0.00555305871818811	0.00802448326780406	0.692014492754714	1	0.996
"TWIST1"	0.00494404802445495	0.00407378453030491	1.21362531269785	0.0200905845626347	0.0172759320521985	1.16292333761975	0.034	0
"TXN"	0.000136019300638275	0.000322170813744816	0.422196222734231	0.00780107494709854	0.00948301453050567	0.822636612229525	1	1
"TXN2"	0.000236365343960631	0.00122276391086804	0.193304154514042	0.00430773943999951	0.00747209388900171	0.576510346897559	1	1
"TXNL4B"	8.18491195911269e-05	0.000186097695589436	0.439818017799105	0.00591194999038494	0.00858271276324803	0.688820674006528	1	1
"U2AF2"	0.000404880283637709	0.00141869940027567	0.285388351865826	0.0053096841634138	0.00872465849015736	0.608583610396198	0.999	1
"UBA52"	0.00203027865591669	0.0016241834405738	1.25003038770019	0.0249741374362541	0.01891235323471	1.32051982777156	0	0
"UBE2I"	0.0221905344581785	0.0178371261133055	1.24406444834326	0.076384503587457	0.0550552100293713	1.38741644154489	0	0
"UBE2K"	7.07812233056912e-05	0.000316630566388916	0.223545136885966	0.00364523669976614	0.00714307015489188	0.510317919427086	1	1
"UBE2Z"	0.000137336998736998	0.00056159980258552	0.244546023885192	0.00284990644963776	0.00662196445177317	0.430371753033896	0.855	0.846
"UBE3A"	0.000549033662319563	0.000634257796264046	0.865631712457495	0.00959182389756015	0.00964993415354131	0.99397817072567	0.708	0.51
"UBP1"	0.000194234279861064	0.00152557518256675	0.127318720231322	0.00511121625918467	0.0109471576411425	0.466898936393796	0.916	0.886
"UBR5"	0.000120407005695098	0.000341362133079655	0.352725138575935	0.00337883851207144	0.00701939324634836	0.481357632132832	0.984	0.997
"UBTF"	0.000121971436736982	0.000296492873744796	0.411380668939678	0.00526263429001046	0.0070968497115448	0.741545122683023	1	1
"UCHL5"	0.000231617373078894	0.000834186526629937	0.277656574021418	0.00701998316826577	0.00623380231103807	1.12611578263167	0.859	0.224
"USF2"	0.000148266230501821	0.000659570205852587	0.224792189195639	0.00392501938129509	0.00775191675925148	0.506328886544195	1	1
"USP10"	1.83673652160271e-05	9.06458255699653e-05	0.202627811049613	0.00367813024956502	0.00725172380213854	0.507207713630838	1	1
"USP11"	0.000579527913385287	0.00100100559224626	0.578945730048144	0.00906436689987063	0.010920408188703	0.83003920212869	0.999	0.998
"USP22"	0.000136326563824291	0.000366733617663057	0.371731843655369	0.00267494425787553	0.00476891999745875	0.560911958955266	0.813	0.826
"USP28"	7.89047817803344e-05	0.000218001680474384	0.361945750182444	0.00345728413745037	0.0057575750699651	0.600475737691305	0.999	1
"USP47"	0.000124270789454006	0.000306523187184819	0.405420518412775	0.00574570403805166	0.0092458780872798	0.621434111915928	0.994	0.991
"USP7"	0.00212647776557897	0.00225980987773212	0.940998526704841	0.0188484758880912	0.0156838149964829	1.20177876953522	0.773	0
"UTP23"	0.000112683765060785	0.000425490506149214	0.264832618900476	0.00477419624027107	0.0083856459212316	0.569329576411436	1	1
"UXT"	3.79778832591789e-05	0.000135715114820771	0.27983532496976	0.00515195680463015	0.00758231299481698	0.679470342117485	0.996	0.993
"VDR"	6.37081534728001e-05	0.000247543281940367	0.257361674182486	0.00635620332096655	0.00989869345357586	0.642125483608183	1	1
"VHL"	0.000404165587836731	0.000573268692130985	0.705019467109471	0.0151792203120154	0.0141928701776969	1.06949617110347	1	0.039
"VRK1"	4.26498647610719e-05	0.000138674175887161	0.307554485095884	0.00555305871818811	0.00802448326780406	0.692014492754714	1	0.996
"VRK2"	9.7126620295604e-05	0.000482808761546249	0.201169962170001	0.00262764632627646	0.00571423352535822	0.459842306866823	0.581	0.575
"WDFY3"	0.000148878040754768	0.000592603721815694	0.251226975589382	0.00429732230595388	0.00782702207569168	0.549036691655699	0.992	0.993
"WDR5"	0.00492029629232877	0.00419410665350125	1.17314524851706	0.0134144566483237	0.0129226028181606	1.03806151416121	0.048	0.16
"WDR77"	3.5771872772123e-05	0.000140581754971683	0.254456012299239	0.00381825966898986	0.00611057997596742	0.624860436162666	1	1
"WWP1"	0.000275013193562526	0.00042841026937983	0.641938845118344	0.0138359718112756	0.0145057314723362	0.953827929164564	1	0.902
"WWTR1"	0.00047339330746953	0.000881944389691364	0.53676094887932	0.00561454587631287	0.0098016069871302	0.57281891466215	0.646	0.777
"XBP1"	6.66642387517972e-05	0.000688154510531263	0.096873939982362	0.00244602085260397	0.0063026263342588	0.388095489543507	0.762	0.791
"XIAP"	3.26765157764401e-05	0.000251047070485552	0.130160912506329	0.00400059373611474	0.00745662913943031	0.536515047390487	1	1
"XPO1"	0.000359010875306173	0.000563481390327179	0.637129959336754	0.0132857517970154	0.012870583966915	1.03225710901445	1	0.213
"XRCC1"	0.000152124217044685	0.000392502918145064	0.387574741516856	0.00713044544436022	0.00850741637677768	0.838144640930457	1	0.997
"XRCC5"	0.013239596433041	0.0107425232302242	1.23244754973313	0.0305279436120727	0.0244077375330813	1.2507486025977	0	0
"XRCC6"	0.00885890703991154	0.00721189830394526	1.22837381595707	0.0302108639481069	0.0243044421165892	1.2430182023181	0.008	0
"YAF2"	0.000165371684799467	0.000537369453872261	0.307742994336217	0.0077656837118558	0.011135434871258	0.697384862076653	1	1
"YAP1"	0.00252529931115291	0.00332076605348979	0.760456855579777	0.0166696121602747	0.0160821625614799	1.03652802268035	0.965	0.204
"YBX1"	0.000933484947287125	0.00122960968275499	0.759171760257787	0.0157326825099611	0.01365589243576	1.15208014298375	0.989	0
"YEATS4"	0.000107882595973593	0.00049627447895445	0.217384936257209	0.00484383820424171	0.00826661033380681	0.585952162814852	1	1
"YWHAB"	0.000128002791585814	0.000317077687430593	0.403695361294803	0.00520582439380188	0.00735329340485666	0.707958204192364	0.999	1
"YWHAZ"	0.000205953047873585	0.000594367959487449	0.346507655041142	0.00754611282433464	0.0104337381895615	0.723241535031445	1	0.999
"YY1"	0.0013691644184497	0.00200846294610083	0.68169762409994	0.0202199298543267	0.0205766601294777	0.98266335387248	1	0.662
"ZBTB10"	4.44243457568549e-05	0.000138435553780451	0.320902720028908	0.00422100684988292	0.00734588021221351	0.574608723249384	0.998	0.995
"ZBTB16"	0.00101931579449576	0.00167904555301911	0.6070804884733	0.0152769965971427	0.0140878778047705	1.08440723356995	0.952	0.188
"ZBTB17"	0.000831679479136616	0.00112755604958573	0.737594800224944	0.0126027254594747	0.0119203987669842	1.05724025729578	0.992	0.05
"ZBTB24"	8.24061946149771e-05	0.000559422525444912	0.14730582139044	0.00305187299329283	0.00679398837569317	0.449201974529646	1	1
"ZBTB33"	8.34490964543038e-05	0.000556438195078889	0.149970108436702	0.00384975328904751	0.00806594183456185	0.477285029821521	0.996	0.986
"ZBTB7A"	6.14886210670247e-05	0.000204028599151304	0.301372559154934	0.00552532672885015	0.00797632962078949	0.692715445767054	0.999	0.995
"ZBTB7C"	2.5515526423151e-05	0.000187696292599658	0.135940492322742	0.0032776546982329	0.00731663033036061	0.447973254112915	0.995	0.997
"ZEB2"	0.000103678189403442	0.000660734448541815	0.156913552233051	0.00274718093653942	0.00677134303091704	0.405706951190652	0.692	0.748
"ZHX1"	9.15531094380487e-05	0.000312441257312748	0.293025032050763	0.00420230897729455	0.00746579820698179	0.562874706868541	1	1
"ZMAT2"	2.97197692190535e-05	0.000102121419702871	0.291023854794862	0.00305558760246018	0.00621206980177166	0.491879148168737	1	1
"ZMIZ1"	1.83673652160271e-05	9.06458255699653e-05	0.202627811049613	0.00367813024956502	0.00725172380213854	0.507207713630838	1	1
"ZMYND11"	9.55116622429298e-06	5.73721556958336e-05	0.166477381030091	0.00318038982642702	0.00648772138111832	0.490216770973417	0.984	0.991
"ZMYND8"	3.46855168748785e-05	0.000173038496002057	0.200449713076945	0.00463291976597397	0.00800523969309419	0.57873592092072	1	1
"ZNF281"	6.10560544809709e-05	0.000187644577852084	0.325381394868228	0.00452418539215828	0.0064782810257332	0.698362015199277	1	1
"ZNF451"	4.58870901552472e-05	0.00019368586015487	0.236915023732534	0.00445981406130701	0.00712569471661766	0.625877789979746	1	1
"ZNF587"	0.000216472860247493	0.000876577276358555	0.246952397792875	0.00345237480270636	0.00803427734694754	0.42970570390105	0.998	0.998
"ZNF688"	0.000200981174302569	0.000375077895586134	0.535838492930903	0.00569789995192075	0.00833874988613354	0.683303856060697	0.952	1
"ZSCAN32"	0.00309230231365091	0.00643492203944654	0.48055008198932	0.00335073596915114	0.00662383102037508	0.505860726042707	0.938	0.931
