"all_genes"	"mean_bet_in"	"mean_bet_out"	"ratio_bet"	"mean_deg_in"	"mean_deg_out"	"ratio_deg"	"pvalue_ratio"	"pvalue_degree"
"ABL1"	0.00113678734390931	0.000564468227982817	2.0139084673937	0.0138081793106268	0.00870925731322233	1.58546002420474	0.005	0
"ACTL6A"	0.00113468971188396	0.000791491304733372	1.43360982628382	0.0136542382383125	0.0106765330319679	1.2789018867294	0	0
"ACTR5"	0.00274953909749745	0.00106773357095108	2.57511721304063	0.020666191928936	0.0153132460177105	1.34956311059291	0	0
"AES"	0.00698076084452511	0.00486019401803382	1.4363132044982	0.0158195220790096	0.0142165321275552	1.11275534265824	0.002	0.002
"AGTRAP"	0.0157927286217385	0.00862595630141048	1.83083800449536	0.0144627852974386	0.0077892528379432	1.85676156601145	0	0
"ANKRA2"	0.00416780050731973	0.00153348530534592	2.71786139246999	0.0122784130151178	0.00607119234957293	2.0224055355422	0.019	0
"ANKRD17"	0.000889794783200391	0.000150810230337221	5.90009564477659	0.00998478975516413	0.00655256393240727	1.52379890652909	0	0
"ANKRD28"	0.00116499509003366	0.000500722712738947	2.32662721381491	0.0144927536231884	0.00955053642595888	1.51748058714234	0.028	0.039
"ANXA1"	0.00531386887716106	0.0027989939049969	1.8984924789134	0.0140286808586443	0.00633584647132194	2.214176262342	0.017	0
"APEX1"	0.000141146570132892	8.6735727259179e-05	1.62731753791751	0.0117066852810564	0.00719943924699945	1.62605515227251	0.012	0
"APPBP2"	0.010765245512664	0.00281551570709701	3.8235430495125	0.0151850000169469	0.00804559190208205	1.88736890980231	0	0
"APPL1"	0.00132857869629413	0.000484712069575452	2.74096474935688	0.0117433400391109	0.00697340826215564	1.68401728360599	0	0
"AQP1"	0.000711938316816487	0.000418531810628583	1.7010375286582	0.0120629586737518	0.00816857330010823	1.47675221003305	0.003	0
"ARID2"	0.000372350723008153	0.000121205300410716	3.07206633494084	0.0154138581021693	0.0077123867294598	1.99858469794978	0	0
"ARIH2"	0.000744358711899492	0.000259939174486595	2.86358804273989	0.0118343195266272	0.00634478987387172	1.86520275089988	0	0
"ARL6IP4"	0.00141324567490864	0.000716939000714733	1.97122164298461	0.0118336190098657	0.00699367660017402	1.69204549858243	0.002	0
"ARNT"	0.00335569233043231	0.000710921230039516	4.72020272941602	0.012098617726837	0.00792496360948441	1.52664647095132	0	0
"ATF4"	0.00153966893709517	0.000768565042328731	2.00330336705143	0.0155147891610684	0.0131066423125851	1.1837348415445	0.005	0.021
"ATF7IP"	0.000714182996102823	0.00026605250912965	2.68436857986855	0.0149851647024279	0.0107848596219687	1.38946312030832	0	0
"ATP5O"	0.0027800022955468	0.000989276863954561	2.81013576364654	0.0107610221894797	0.00636177268618568	1.69151315526359	0	0
"AXIN1"	0.0026870151721571	0.00154037691388401	1.74438810912965	0.0125973582018089	0.00700348823388427	1.79872626055975	0	0
"BAG5"	0.00256588025610756	0.00101688201370474	2.52328217190061	0.0113464176077637	0.00684918547767922	1.65660831419159	0	0
"BANP"	0.0096499971678809	0.00851771238695234	1.13293296715008	0.0208062286720461	0.0190848059604387	1.09019859647386	0.007	0
"BAP1"	0.000740487173930437	0.000288989874484522	2.56232913091249	0.0142217966160412	0.0103534265290588	1.37363186729776	0	0
"BAZ1A"	0.00157241450972739	0.000550411585372903	2.85679762474854	0.0138989396509654	0.00878798753584356	1.5815839057891	0	0
"BCL11B"	0.0113166761673323	0.00573600224808175	1.97292045537759	0.0176452330989642	0.0122225276628785	1.44366481186663	0	0
"BCL3"	0.00114994525220214	0.000501419801821703	2.29337821925717	0.0131962274991569	0.0103802374954486	1.27128377408927	0	0
"BCL6"	0.00133042714123673	0.000762019073853461	1.74592367420527	0.0149528582569825	0.0112505684799315	1.3290757959169	0.001	0
"BCOR"	0.00160782574449617	0.00070884926911009	2.26821951374046	0.0192963858070751	0.0146727333529655	1.31511868599283	0	0
"BIRC2"	0.000407105313669825	0.000165474553744255	2.46022910748571	0.0122040154318824	0.00814752119760208	1.49788078311158	0	0
"BIRC3"	0.00133283595742462	0.00057347043264307	2.32415811096259	0.0154231725547752	0.0136813767120261	1.12731144528884	0	0.003
"BRD7"	0.000409904416431743	0.000271884405596934	1.50764224793173	0.0102675102675103	0.00701383159394333	1.4638946102408	0.042	0.002
"BYSL"	0.000566097215964148	0.000202359206909445	2.79748682854581	0.0125653769818428	0.00688531069487618	1.82495424515753	0	0
"CALCOCO2"	0.00194113308967128	0.000849178574219412	2.28589503857375	0.00990502916592168	0.00683150539018983	1.44990431832865	0.045	0
"CALR"	0.00146741414090395	0.000809732811646191	1.81222017904979	0.0111156500906045	0.00835378230895319	1.33061285050381	0	0
"CARM1"	0.000221761440685425	0.000149986998661568	1.47853775770131	0.0115847426603897	0.00958402301701808	1.20875572187369	0.001	0
"CBL"	0.0142632836285594	0.00386580764219115	3.68959993582995	0.0120614719699505	0.00677703817665704	1.7797556477541	0	0
"CBX5"	0.0206450000888719	0.0175871581005604	1.1738678853529	0.0201134540919421	0.0145629201766707	1.38114154633375	0	0
"CCNA2"	0.000615263814588431	0.000126359272615966	4.86916236419274	0.0177851736913241	0.00925007787676597	1.92270529267611	0	0
"CCND1"	0.0035727731503911	0.00128046379039063	2.79021802662704	0.0119231309721523	0.0100408690242436	1.18746006380165	0	0
"CCND3"	0.000291627601797404	0.000206314514150833	1.41350986864744	0.0115227318504833	0.00990730572167031	1.16305403044942	0.018	0.004
"CCNDBP1"	0.00899551201115477	0.00446802111633882	2.01331009342361	0.013045827971163	0.00672637688842767	1.93950297278281	0	0
"CCNG1"	0.00105088511758662	0.000512510917846869	2.05046386524122	0.0133132248832746	0.00750089062398015	1.77488588364595	0.028	0
"CDC5L"	0.00100765146100173	0.000547230591043207	1.84136537228449	0.0121395897697594	0.00732116321588362	1.65815040749563	0.015	0
"CDK2"	0.00391868518015992	0.0029996888810814	1.30636387155832	0.0244161335874656	0.0202093387335274	1.20816093536792	0	0
"CDK4"	0.00251247286112125	0.00153263737603167	1.63931331730052	0.0114235987703745	0.00908948159836165	1.25679321166496	0	0
"CDK5"	0.000196224431926224	6.89824247505197e-05	2.84455689454067	0.0140845070422535	0.00633725387854505	2.22249373501305	0	0
"CDK8"	0.002743728569809	0.00127458764996233	2.15264016553909	0.0122702955640646	0.00792119390239067	1.54904623157392	0.011	0
"CDKN1A"	0.00127718072915172	0.000610143567619413	2.09324624061003	0.0123510188850469	0.0101607430108036	1.2155625697761	0	0
"CDKN2A"	0.000557645067814574	0.000169474596153486	3.29043455757544	0.0142761765008546	0.00833451721180666	1.71289783655747	0	0
"CDYL"	0.000708419425161293	0.000370014127824606	1.91457399025882	0.010911813708052	0.00817988273616361	1.33398167920065	0	0
"CEBPA"	0.0012607713564171	0.000812128222923675	1.55242894019654	0.0157136052979715	0.0139575195201408	1.12581646583382	0	0.002
"CEBPG"	0.000483991283634713	0.000172244826210019	2.80990317261885	0.0133821316189893	0.0097619337422629	1.37084843764646	0	0
"CEP70"	0.00935973432384686	0.00436884875392308	2.1423800298516	0.0139452544952052	0.00750172699528879	1.8589392154584	0	0
"CGGBP1"	0.00274624318621079	0.000639118064037245	4.29692624999996	0.0104905293831957	0.00646360950513464	1.62301410301197	0	0
"CHAF1A"	0.00115629778099016	0.000608343375995674	1.90073209739096	0.0127422272722302	0.0085532494924067	1.48975278735202	0.011	0
"CHCHD2"	0.000216650743845123	6.91083306834091e-05	3.13494395976106	0.0111603950184143	0.00717190331150022	1.55612736726645	0	0
"CHD4"	0.000794351928452004	0.000576313430324453	1.37833318929389	0.0104574330896585	0.00918991505009356	1.13792489186851	0.013	0.015
"CHD8"	0.00444267519019124	0.00282951576317424	1.57011855102984	0.0151773830667526	0.0125483707884404	1.20951024819366	0	0
"CITED2"	0.00053746443025652	0.000354336463727268	1.51681942242954	0.0208534992470197	0.0159328369897442	1.30883779583278	0	0
"CLU"	0.0150020123395986	0.00364597650728636	4.11467608461481	0.0125308711649318	0.00739258485311849	1.69505949730774	0	0
"COMMD1"	0.00189965186899678	0.0014349070427369	1.32388497123371	0.0223579370623556	0.0202912765071866	1.10184970642123	0	0
"COMMD4"	0.00109823816886723	0.000688192390418946	1.59583015470232	0.0189580093476365	0.0161470972436727	1.17408157401574	0	0
"COMMD6"	0.00102820958769297	0.000622639625143829	1.65137191108814	0.0186244431209324	0.0154946432963769	1.20199237663557	0	0
"COMMD8"	0.00109823816886723	0.000688192390418946	1.59583015470232	0.0189580093476365	0.0161470972436727	1.17408157401574	0	0
"COPS2"	0.00042044368057775	0.000179673435311317	2.34004364556872	0.0088455830664688	0.00693430859561906	1.27562581683446	0	0.009
"CREB3"	0.0104712041884817	0.00468644165288352	2.23436136925739	0.0104712041884817	0.00529328286311071	1.97820605081514	0.001	0.002
"CREM"	0.000747537904520575	0.000219760458913903	3.40160331032729	0.0104540197181814	0.00698995051797583	1.49557850106337	0	0
"CRK"	0.00216277630007288	0.00121852793135924	1.77490908859213	0.0138716414587184	0.00937321475730602	1.47992357135592	0	0
"CSNK1E"	0.00108466603097641	0.000339037697332242	3.1992490496226	0.0102064727783998	0.00576966966539976	1.76898737194733	0	0
"CSNK2B"	0.00228491246489757	0.000512609164761162	4.45741633582024	0.0155318526623728	0.00806542198654135	1.92573341956448	0	0
"CTBP1"	0.0115850592845912	0.00960349572337599	1.20633773558016	0.029954772746	0.0286770991416829	1.04455379527771	0	0.028
"CTR9"	0.0116111944075235	0.00599486618689067	1.93685631097395	0.0126124683002459	0.0100811960712274	1.25108848306631	0	0
"CUL2"	0.0103412329225481	0.00221613878059511	4.66632911850904	0.0169491525423729	0.00669781947899465	2.53054782911482	0	0
"CUX1"	0.000417117925960899	0.000258874660036296	1.6112736793258	0.00914768014205705	0.00767091021750557	1.19251560540774	0.005	0.016
"DDX3X"	0.00122779225870888	0.000497654591959329	2.46715749949158	0.0179857997098508	0.0120310943257648	1.49494295554926	0	0
"DDX5"	0.000565427476703078	0.000327842429792162	1.72469279544303	0.0140506019542077	0.008960763457112	1.56801393335029	0.001	0
"DDX6"	0.000715806571557715	0.000426044492308027	1.68012164100502	0.0135677415077926	0.00865082177185154	1.56837603011774	0.001	0
"DPF2"	0.00447293252052413	0.00160034156094937	2.79498616399781	0.0120993326958646	0.0072848353702897	1.6608930855473	0	0
"DRAP1"	0.000266053499797613	0.0001216159370778	2.18765324833548	0.0105833966515081	0.00657973657884481	1.60848333739315	0.002	0
"DROSHA"	0.00126606159603889	0.000344096776952885	3.67937650346617	0.0172480264853343	0.00912380105388658	1.89044307120079	0	0
"DVL2"	0.00458313014840262	0.00231670099606367	1.97830024512868	0.0126961581653215	0.00962824533562102	1.31863675288272	0	0
"DYNLL2"	0.00222868614829281	0.000740025422614807	3.01163457387446	0.0107671333474508	0.00532825212360187	2.02076273751331	0.008	0
"E2F1"	0.000727697471295666	0.000421578309055526	1.72612645305672	0.0193846002114853	0.0163282694108588	1.18718032656871	0	0
"E2F3"	0.00431349978226816	0.0017810153788325	2.42193292294633	0.00980105331669166	0.00634071462011244	1.54573323416941	0	0
"E2F6"	0.000124886971869239	4.84460603667589e-05	2.57785609240024	0.0119892261200893	0.00634647373459393	1.88911616457772	0.019	0.007
"EAF1"	0.000585786761259051	0.000179059940645801	3.27145624613938	0.0107292318496639	0.00500469284023282	2.14383423562208	0.001	0
"ECSIT"	0.000302170251099228	0.000234491761278266	1.28861777254788	0.0105528120954214	0.00914177519897376	1.15435042600983	0.007	0.001
"EED"	0.00194620545113572	0.000754915656862851	2.57804356479163	0.0164903964135366	0.0125034522071659	1.31886747278369	0	0
"EEF1D"	0.00139637151881689	0.00090853301772543	1.53695186809258	0.0129905985629707	0.0101918074321284	1.27461185363643	0	0
"EFTUD2"	0.00078736259655353	0.000259995678166383	3.0283680179086	0.00836820083682008	0.0061749147675523	1.35519293007783	0	0.002
"EHMT2"	0.00539191098829738	0.00330482593312963	1.63152646989529	0.0216344796379048	0.015605947940234	1.38629705294149	0	0
"EIF1AD"	0.0032502015285171	0.00105614997679427	3.07740529274301	0.0120151321303244	0.00862335603781369	1.39332437135121	0	0
"ELF1"	0.00168252334422762	0.00054856883217237	3.06711436295917	0.0139471772027959	0.00852510978210061	1.63601144844838	0	0
"ELF3"	0.00534114683003657	0.00301879527890286	1.76929746358214	0.0127529559600008	0.0108947840918152	1.1705560984528	0	0.003
"EPAS1"	0.0023053555352168	0.00100030608475816	2.30465011694311	0.0165788466039668	0.012988460707153	1.27642889929494	0	0
"EPC1"	0.00104029313032973	0.000606947985441625	1.71397410533095	0.0109492443794001	0.00801998856114493	1.3652443885577	0	0
"EPM2AIP1"	0.000655364027204368	0.000327432559107234	2.00152369999874	0.00872809798647207	0.00577659837008224	1.51094076951516	0.01	0
"ESR2"	0.000819342865355327	0.000245257048195761	3.34075155589958	0.0217086254012387	0.0151387578210245	1.43397666161817	0	0
"ETS1"	0.000370030081471082	0.000316444383105937	1.16933686052252	0.011824866485282	0.0110828070381277	1.06695591149439	0.039	0.047
"EXOSC1"	0.000216650743845123	6.91083306834091e-05	3.13494395976106	0.0111603950184143	0.00717190331150022	1.55612736726645	0	0
"EYA2"	0.00822389992350108	0.00448066553608033	1.83541928253259	0.0123744149458789	0.00713786112955718	1.73363066628429	0	0
"FHL3"	0.00927118453344805	0.00694481330613726	1.33497966392487	0.0171575304622596	0.0153376172926694	1.11865683794705	0.001	0
"FKBP4"	0.00129718496105598	0.000402472706591576	3.22303833231689	0.0125798555162627	0.0104761230318805	1.20081212085618	0	0.011
"FOSL2"	0.000438478080317108	0.00017581194776208	2.49401753349826	0.0130378039443371	0.00962196103758985	1.35500485747164	0	0
"FOXA1"	0.00285830744765574	0.00155817263063904	1.83439715950054	0.0137872908567385	0.0116281876731763	1.18567839152981	0	0.004
"FOXK1"	0.000687583851821332	0.000301843244920111	2.27795010619938	0.012559874888842	0.00842129611636936	1.49144201976558	0	0
"FOXM1"	0.000901237148406437	0.00035439257257486	2.54304750762254	0.0145218622725707	0.00833140080872201	1.74302768597665	0	0
"GADD45GIP1"	0.000856717989454147	0.000472539482865219	1.81300826813345	0.0140330693439844	0.00979571183909061	1.43257269859493	0.008	0
"GAPDH"	0.000534304889020355	0.00030454696615198	1.75442525588555	0.0108328479906814	0.0077855635749299	1.3914019051317	0.02	0.002
"GLRX3"	0.00123837988812138	0.000740439811930894	1.67249230547446	0.0167038656008752	0.01269658080996	1.31561920889533	0	0
"GNL3"	0.000141146570132892	8.6735727259179e-05	1.62731753791751	0.0117066852810564	0.00719943924699945	1.62605515227251	0.012	0
"GRB2"	0.00137808950388383	0.000581898632518055	2.36826386396616	0.0129370188762317	0.00921242455224379	1.40430120245389	0.001	0
"GTF2F1"	0.000389535065840379	0.000181795924827369	2.14270515805168	0.0105820105820106	0.00762511215304697	1.38778425413481	0.022	0.049
"GTF3C1"	0.00102237663296263	0.000520022943207777	1.96602216559153	0.0106682386138921	0.00733684056559391	1.4540643916839	0	0
"GTF3C5"	0.000404032812764856	0.000168194982587092	2.40216923567054	0.0107625663445272	0.00648284942787882	1.66015985166089	0.006	0
"HAT1"	0.000216650743845123	6.91083306834091e-05	3.13494395976106	0.0111603950184143	0.00717190331150022	1.55612736726645	0	0
"HDAC5"	0.00183834717622378	0.00115036960090137	1.59804916157672	0.0223979348487464	0.0191001774884252	1.17265584900034	0	0
"HDAC7"	0.00270968943828513	0.00120765399871891	2.24376306554658	0.0237578788451848	0.0171028311616508	1.38911965046211	0.026	0
"HES1"	0.00116296552924929	0.000437145376363432	2.66036333021267	0.0116523805073207	0.00841985583153084	1.38391686751745	0	0
"HEY1"	0.000794057934356977	0.000311328768776533	2.55054467814679	0.00905440839069158	0.00490286675954199	1.84675799583373	0.014	0
"HIC1"	0.00645368373129146	0.00331301609334403	1.94797838267588	0.0109390192986015	0.00854123453440816	1.28073046753767	0	0.006
"HIF1AN"	0.00109173578759816	0.000267738398095153	4.07762127272519	0.0148844496670584	0.0093755625373655	1.58757937006315	0	0
"HIPK3"	0.00151779956536646	0.000618725902293777	2.45310493667645	0.0121698914591352	0.00718892901470187	1.69286571535856	0	0
"HIRA"	0.00511029826666293	0.00137809106287782	3.7082442549125	0.0234375	0.0110993054253996	2.11161861951881	0.029	0
"HMGB2"	0.0103754603155083	0.00455833614480599	2.27615076771612	0.0341171507238654	0.00949272146262173	3.59403263418231	0.034	0
"HSPA4L"	0.0012752247856434	0.000490937298285148	2.597530866157	0.012389746764562	0.00715765389606269	1.73097874589569	0.003	0
"HSPB1"	0.00227836755939909	0.00122038287397677	1.86692849267438	0.0113322896247887	0.0101483109295535	1.11666756206566	0.001	0.03
"HTT"	0.00821735460034314	0.00200592338024785	4.09654460447428	0.014546581198302	0.00724386390230693	2.00812458578486	0	0
"HUWE1"	0.00131488399886879	0.00087583021853758	1.50130010479008	0.015062028450387	0.011502757785465	1.30942759391313	0	0
"IKBKB"	0.00201057994513736	0.00115713948996749	1.73754328027804	0.0167670391241979	0.0154183129577065	1.08747559932083	0	0.001
"IKBKE"	0.000594610331572926	0.000295296070458567	2.01360732856876	0.0121657740115014	0.00925878219540776	1.31397129284837	0	0.001
"INTS3"	0.00259949390889757	0.000655722392876244	3.96432078138313	0.0125536813791397	0.00604307454444969	2.0773666263425	0	0
"ISG15"	0.00125986993738682	0.000626983417175565	2.00941508638663	0.0156997848965457	0.0112796537892815	1.39186762198893	0	0
"ITCH"	0.0108905585604406	0.00472064686798169	2.30700555771434	0.00972996755658042	0.00726360776028318	1.33955024523531	0	0
"KAT6A"	0.00267471089561769	0.00178853453104538	1.49547624001106	0.0149268510037874	0.00919106856274581	1.62406045628802	0.001	0
"KDM5B"	0.00297686740381305	0.0018123462086707	1.64254897302237	0.019947444817789	0.0136972259596163	1.45631275096143	0	0
"KDM5C"	0.000817278200879288	0.000506023069675935	1.6151006739726	0.0167538222744228	0.013339493282119	1.25595642353826	0	0
"KHDRBS1"	0.000470582938432319	0.000120852194239013	3.89387169505284	0.012808892346128	0.00733642413521093	1.74593127524513	0	0
"KIF2C"	0.00529827247656804	0.000629704487374079	8.41390300180691	0.0129615871034635	0.00655379261087122	1.97772310981634	0	0
"KPNA2"	0.00264413144908448	0.00155160528019099	1.70412635406798	0.0124658510856703	0.0105188472778857	1.18509668943268	0	0
"KPNA3"	0.00176573241965187	0.00105048144818577	1.68087920324663	0.0141627817450077	0.012199646544443	1.16091738341869	0.004	0.001
"KPNA4"	0.000663483776905643	0.00027338371326563	2.42693234714014	0.0117630962174603	0.0071021920823736	1.65626275395371	0	0
"L3MBTL2"	8.79329213649147e-05	3.52657670737083e-05	2.49343566470929	0.0105916606896842	0.00671581299838932	1.57712263462732	0	0
"LCOR"	0.00112956217944464	0.000645680531037802	1.7494134098005	0.0122570031301231	0.00866973127387199	1.4137696709311	0	0
"LEF1"	0.000870157648166897	0.000451405949628726	1.92766100863887	0.00961538461538462	0.00734745424942916	1.3086688652919	0.02	0.031
"LMNA"	0.000328324875286747	0.00016745338007213	1.96069422513491	0.0111731843575419	0.00588328041188282	1.89914190304014	0	0
"LRIF1"	0.00135651534654638	0.000635963637101536	2.13300771837966	0.014321070722685	0.00941940232447873	1.52037998052892	0.007	0
"MAD2L1BP"	0.00233281011203982	0.00106803676981152	2.18420393190348	0.0109649650031547	0.00688621766521109	1.59230589798945	0	0
"MAD2L2"	0.0010202858087274	0.000380290568238937	2.68291115778173	0.0139331696554253	0.00993060826598156	1.4030529935568	0	0
"MAFF"	0.00681450878229187	0.00229832031737299	2.96499523185739	0.0191102001446829	0.0119776449750129	1.5954889449929	0.001	0.019
"MAFG"	0.00136774840694429	0.000537554843120578	2.54438858555218	0.0137497637497637	0.00879926367534145	1.56260390153955	0.001	0.001
"MAGED1"	0.000519171012763212	0.000174231297926546	2.97978043521257	0.0111111111111111	0.005915644787933	1.8782586699215	0.028	0.005
"MAGOHB"	0.000216650743845123	6.91083306834091e-05	3.13494395976106	0.0111603950184143	0.00717190331150022	1.55612736726645	0	0
"MAP2K1"	0.000351576492198016	0.000119349375593964	2.94577571477296	0.00744739756367663	0.00554361301207545	1.3434194536044	0	0.005
"MAPK10"	0.000587192765945072	0.00024486560369356	2.39802061656615	0.0113641163724159	0.00866373492901945	1.31168791122077	0	0
"MAPKAPK2"	0.00114751947282417	0.000440703218999695	2.60383728403166	0.0136964628651605	0.00985849882101564	1.38930511772882	0	0
"MBD1"	0.000984752137182092	0.000562028137614508	1.7521402778192	0.011162992458486	0.00905960229298707	1.23217246160211	0.002	0.006
"MBD2"	0.0101638732905368	0.00441213339381702	2.30361876746066	0.0115506514563996	0.00639205691586578	1.80703200995123	0	0
"MCM7"	0.00535666985439488	0.00250772430963243	2.13606808125573	0.0133200550445923	0.0104482749309791	1.27485686705068	0	0
"MDM4"	0.000282173776435108	0.000134191002667648	2.10277716706514	0.0120547861254209	0.00834968338524979	1.44374170483115	0	0
"MED12"	0.0016015818191523	0.00115179900274518	1.39050460656339	0.0140844780320816	0.0131049490562052	1.07474496632344	0.025	0.048
"MED13"	0.000383184822483679	8.49828153315042e-05	4.50896832481881	0.00900900900900901	0.00618894087001733	1.45566247896367	0	0.009
"MED15"	0.000489596658938864	0.000131236605162409	3.73064099252624	0.0136035956542603	0.00762028061267943	1.7851830327121	0	0
"MED17"	0.00100228588850432	0.000268191553162905	3.73720155121929	0.0172413793103448	0.0071799538128473	2.40132175773809	0.046	0
"MED6"	0.000448596339456024	0.000123299527446508	3.63826487210702	0.0139618189943307	0.00824344869206067	1.69368664934829	0	0
"MEF2C"	0.00393863299145308	0.00172267449144465	2.28634777551626	0.0184015514650753	0.0117463158255191	1.56658068269351	0	0
"MEF2D"	0.00107414073159066	0.000321778875071841	3.33813315541876	0.0178468167799497	0.0101041597094122	1.76628411398971	0	0
"MFAP1"	0.000201237610581061	7.85636212203983e-05	2.56146047566367	0.00994261986668734	0.00520381640717293	1.91064001661981	0	0
"MLLT6"	0.00322403313469247	0.000491232843136368	6.56314653985272	0.0152500540879687	0.00705381576319967	2.16195809472788	0	0
"MNT"	0.0153940258035269	0.00166895437900072	9.223754703675	0.015625	0.00751337528992355	2.07962458909183	0	0
"MORF4L1"	0.00122024932242933	0.000542536280205199	2.24915709225531	0.0100027677465417	0.00722579763233662	1.38431329736909	0.013	0
"MORF4L2"	0.000752772705540007	0.000309644988144259	2.43108312539295	0.0142691171247232	0.00817165832646096	1.74617153026551	0.001	0
"MRPL10"	0.000216650743845123	6.91083306834091e-05	3.13494395976106	0.0111603950184143	0.00717190331150022	1.55612736726645	0	0
"MTA1"	0.000650345138457788	0.000271199106276296	2.39803569925935	0.0114826402111539	0.00814396817032819	1.40995642062918	0	0
"MTOR"	0.000141146570132892	8.6735727259179e-05	1.62731753791751	0.0117066852810564	0.00719943924699945	1.62605515227251	0.012	0
"MUC1"	0.000196224431926224	0.000100235343694866	1.95763714367624	0.0140845070422535	0.0074018927906397	1.90282505308163	0.002	0
"MYD88"	0.000909967160426335	0.000345286935788134	2.63539412039813	0.0169046495043604	0.0130554808548218	1.29483162606891	0.001	0.006
"NAA10"	0.00246944898487155	0.000852032196706565	2.89830477582529	0.00919146423273514	0.00572876898922595	1.60443967107444	0	0
"NACC1"	0.00217987694026269	0.00131552447122977	1.65704020558805	0.0123553098695694	0.0105440395335207	1.17178144394191	0	0
"NBN"	0.00113428049329103	0.000191938085085522	5.90961659738154	0.0116959064327485	0.00767522733071388	1.52385146768814	0	0.006
"NCL"	0.000299790661908177	0.000125742997483511	2.38415393228946	0.00750946097120427	0.00536956950276397	1.39852197971156	0.002	0.004
"NCOA4"	0.00024767641346338	6.06821444928744e-05	4.08153692545364	0.0105820105820106	0.00671565301375557	1.57572324840721	0	0
"NEDD9"	0.000439556604106956	0.00022639008987314	1.94158942360624	0.0110808792086331	0.00742978510724745	1.49141314973217	0.001	0
"NEK6"	0.000522762106477206	0.00027820046957764	1.87908419878247	0.0127677170941987	0.00856565091849365	1.49057172837065	0	0
"NFIA"	0.00236386382939438	0.0013907547757366	1.69969851668666	0.0117596536294176	0.0104128191311136	1.12934388673666	0	0.002
"NFKB1"	0.00382280362778126	0.00240061322820525	1.59242796085035	0.025160628709875	0.0215185630556924	1.1692522704586	0	0
"NFKBIA"	0.000791423217576865	0.00043421809900402	1.82263986552421	0.0147595513432293	0.0109423343267777	1.348848509144	0	0
"NFKBIB"	0.000674204775939925	0.000428764757119169	1.5724351517831	0.0172985893523708	0.0149342982373628	1.15831283649425	0	0
"NFYA"	0.00105256017173506	0.000574814246106494	1.8311309764234	0.0163222708268726	0.0136657591158689	1.19439181449634	0	0
"NFYC"	0.00134167502267314	0.000777324251928138	1.72601719211146	0.0165654322686009	0.012720082933072	1.30230536669938	0	0
"NIN"	0.00128750331572613	0.000570743682592068	2.25583454534065	0.0103905892487012	0.0070318166329365	1.47765361230161	0	0.006
"NMI"	0.00168818898124916	0.000557519841946661	3.02803389984221	0.0121951219512195	0.00582296162426716	2.09431604364288	0	0
"NOL9"	0.000216650743845123	6.91083306834091e-05	3.13494395976106	0.0111603950184143	0.00717190331150022	1.55612736726645	0	0
"NONO"	0.0010625536297766	0.000763863495794371	1.39102553745105	0.00952408802882223	0.00827118412133862	1.15147817883189	0.007	0.024
"NPM1"	0.00659415065238084	0.00485308856426532	1.35875341343149	0.0312696260955288	0.0287251182698939	1.08858128282458	0	0
"NR2C2AP"	0.00132285885727964	0.000825542630724734	1.60241132080401	0.013507272351958	0.0105223781015598	1.28367106956134	0.013	0
"NR2F2"	0.000959793114919572	0.000478488187487659	2.00588674917775	0.0125910513387738	0.00780617643167615	1.61296012830064	0.011	0
"NR2F6"	0.00158959959143219	0.00072817584611888	2.18298862823401	0.0107993864208297	0.0084993712344722	1.27061003960257	0.003	0.006
"NR4A1"	0.000141146570132892	8.68994248005746e-05	1.62425206446198	0.0117066852810564	0.00714973468133352	1.63735939903058	0.015	0
"NRF1"	0.00440056090079475	0.00089960269725453	4.89167152813646	0.0116126786147361	0.00652996773572812	1.77836692074271	0.004	0
"NRIP1"	0.00122861413108423	0.000564129754827407	2.17789279960976	0.012923118045707	0.0112366274003272	1.15008868633756	0	0.026
"NSD1"	0.000400794543395924	0.000142514315461402	2.81231076399812	0.0121951219512195	0.00787904328144514	1.54779222750795	0	0
"NUP205"	0.016260162601626	0.00457709660578821	3.5525058791775	0.016260162601626	0.005092652068851	3.19286736690312	0.001	0.001
"NUP62"	0.0103732069499628	0.00524410905060682	1.97806850503279	0.0182292328937676	0.0127308415990584	1.43189535050973	0	0
"OGT"	0.00220308099396326	0.000941441867019733	2.34011368215164	0.0138235760207968	0.00884392007507516	1.56305980871037	0	0
"ORC4"	0.00133174956096899	0.000501785173947619	2.65402333530885	0.0129006835160529	0.00726015769975863	1.77691505468012	0	0
"OTUB1"	0.00408258481825863	0.00213585577012396	1.91145154807044	0.0123791017523697	0.00842883757054601	1.46866061289728	0	0
"PAK1"	0.00579691689019935	0.00264308900947856	2.19323559267608	0.0122350654677262	0.00808890313260831	1.51257411136545	0.001	0.001
"PBX2"	0.00998730189388967	0.00780598582677393	1.2794414588397	0.0104802772065103	0.00818557433966182	1.28033498587018	0.036	0.001
"PCBP1"	0.00275447140486991	0.00143011679583306	1.92604646899863	0.0102026971042792	0.00714230348132386	1.42848832046382	0	0
"PCGF6"	8.79329213649147e-05	3.52657670737083e-05	2.49343566470929	0.0105916606896842	0.00671581299838932	1.57712263462732	0	0
"PELP1"	0.000610574730602098	0.00035610980389571	1.71456871987975	0.0136687177289087	0.0105386901041708	1.29700347897118	0	0
"PGR"	0.0197570094903051	0.013715784585962	1.44045784376974	0.0238984074042446	0.0187651752949838	1.27355098092971	0	0
"PHB"	0.000591766695288739	0.000226556239856106	2.61200793085457	0.0114441694280977	0.00817466797210097	1.39995526022037	0	0
"PHF1"	0.00224378018185104	0.001112633150573	2.0166396989839	0.0113866303747609	0.00751071481662088	1.51605148814369	0	0
"PHF8"	0.00221326371071906	0.00124583375803967	1.77653213876758	0.0142695871851189	0.0114237302621826	1.24911800765791	0	0
"PIAS3"	0.00174465114270817	0.00109226964439233	1.59727147198966	0.0116020211205954	0.00977720175100136	1.18664024902699	0.013	0.002
"PIK3R1"	0.00412460061233768	0.00136752815875736	3.01609921954777	0.0105294981428695	0.00792505938946383	1.32863334208803	0	0.001
"PKM"	0.000572887322045912	0.000118111566469293	4.85039136446347	0.018348623853211	0.00607378038867545	3.02095608978915	0	0
"PNKP"	0.001616533184381	0.000640792281543872	2.52271013702951	0.00935082133517425	0.00675315558851476	1.38465954361801	0	0
"PNO1"	0.00102237663296263	0.000520022943207777	1.96602216559153	0.0106682386138921	0.00733684056559391	1.4540643916839	0	0
"POGZ"	0.010547992834923	0.00279412856938957	3.77505636300315	0.0221806970180013	0.0179786515123222	1.2337241757425	0	0
"POLR1A"	0.000216650743845123	6.91083306834091e-05	3.13494395976106	0.0111603950184143	0.00717190331150022	1.55612736726645	0	0
"POLR2A"	0.000998202266713898	0.000620549624449028	1.60857766629088	0.0111187580345142	0.00876110647123901	1.26910431587779	0	0
"POLR2L"	0.000802327905681943	0.000470942331348615	1.70366486993079	0.0123914402708058	0.00752268401129888	1.64720999209779	0.001	0
"POU2F1"	0.0176742748644434	0.00653700950805118	2.70372482136904	0.022645859309284	0.0194484581112674	1.16440384012572	0	0
"PPARG"	0.00640378184519668	0.00388907075312281	1.64660975634209	0.0455013170812394	0.0412707524459005	1.10250757218164	0	0
"PPIG"	0.00581235505072027	0.00196451094249329	2.95867786989439	0.0169849084678055	0.0103711865092576	1.63770157374417	0	0
"PPP1CB"	0.000751730423974676	0.000308360718833239	2.43782809567652	0.0111226866037505	0.00763529866012021	1.45674545278041	0.018	0.024
"PPP1CC"	0.000708219131263779	0.000385061687285204	1.83923551641018	0.011756653047426	0.00825400815460921	1.42435684908559	0.001	0
"PPP2CA"	0.000436856030234769	0.000211217282504763	2.06827786559046	0.00965163282917746	0.00752607895359764	1.28242513647346	0	0
"PRDX1"	0.000721222951136471	0.000281758550055153	2.55971984167045	0.0106797075676744	0.00736752409084096	1.44956534053971	0	0
"PRKAA2"	0.00128790970852035	0.000895667951485631	1.43793211131884	0.0184056748136879	0.0150999112216993	1.21892602833572	0.002	0
"PRKAB2"	0.00192646500224754	0.000991111857882453	1.94374125072371	0.0122643535640268	0.00758227871150168	1.61750234074393	0	0
"PRKCD"	0.00070358392754509	0.0003992457655418	1.76228275480965	0.0172882418184495	0.0144886360694649	1.19322769483353	0	0
"PRKCZ"	0.0013653277580855	0.000226028156150241	6.04052070918974	0.0146607387753061	0.00606695924628126	2.4164887516415	0	0
"PSEN1"	0.00102338372526681	0.00043985329719528	2.3266478432523	0.0145437521814299	0.0108503541255044	1.34039424088878	0	0
"PSMA3"	0.00816842914565331	0.00504887024652013	1.61787266196498	0.0156154665050788	0.0116519757998684	1.34015610513499	0	0
"PSMA5"	0.000861032709786741	0.000422129885812132	2.03973406936163	0.00801587301587301	0.00638329991321115	1.25575691646307	0.002	0.008
"PSMC5"	0.00353687638224435	0.00220249397862218	1.60585064775383	0.0185097543230041	0.0154366404901317	1.19907918661687	0	0
"PSMD11"	0.00362772407533008	0.000476588049561746	7.61186538073292	0.0263157894736842	0.00854357820961464	3.08018359849148	0	0
"PSMD2"	0.000517937337691326	0.000252668732753548	2.04986716024147	0.0137282847827157	0.00877886831738114	1.56378752777682	0	0
"PSMD4"	0.000409501617640877	0.000105265474675995	3.89017974698079	0.0120704767607186	0.00701439199968255	1.7208158257002	0	0
"PSME3"	0.00163178145574458	0.000566584651737785	2.88003116699279	0.013057368542701	0.00759952404185593	1.71818241126481	0	0
"PTGER3"	0.000216650743845123	6.91083306834091e-05	3.13494395976106	0.0111603950184143	0.00717190331150022	1.55612736726645	0	0
"PTK2"	0.000141146570132892	8.6735727259179e-05	1.62731753791751	0.0117066852810564	0.00719943924699945	1.62605515227251	0.012	0
"RANGAP1"	0.00122053252836769	0.000322111079709151	3.78916654922198	0.0104712041884817	0.00649510866338644	1.61216766818835	0	0.001
"RARA"	0.00841946243005816	0.00627570298098931	1.34159670327975	0.0352754731455306	0.0329702508689722	1.06991825102331	0	0.001
"RBBP6"	0.00212463046020154	0.000582360011822123	3.64831103968466	0.0118492618492619	0.00664046904616356	1.78440133775002	0	0
"RBL2"	0.000447876656879098	0.000212757783722989	2.10510115795451	0.0145660763461838	0.00975636707567784	1.49298158148399	0	0
"RBM14"	0.000650924948308311	0.000201551433331026	3.22957241013135	0.0115494486680927	0.00753923968804018	1.53191159135239	0	0
"RECQL5"	0.000305500262570418	0.000211087731916073	1.44726678238166	0.00940326434984231	0.00762877705550955	1.23260442419814	0.049	0.008
"RING1"	0.00073201336587524	0.000412320437463674	1.77535067235112	0.0157190593636189	0.0126277221288615	1.24480561127426	0	0
"RNF6"	0.000569879841372811	0.00024422087758983	2.33346078761508	0.011905271470835	0.00833537599991261	1.42828247591469	0	0
"RNPS1"	0.00150442720534104	0.000482572510121013	3.1175153449246	0.00939157057136017	0.0060281022801955	1.55796470179593	0	0
"RPS3"	0.000326550492230892	0.000152112858431609	2.146764550991	0.0133210502909205	0.00852232651078057	1.56307673427786	0	0
"RPS6KA5"	0.000875009131497703	0.000309030343381323	2.83146671593345	0.0126514474946245	0.00946147023019961	1.33715449996799	0	0
"RPS7"	0.00233281011203982	0.00106803676981152	2.18420393190348	0.0109649650031547	0.00688621766521109	1.59230589798945	0	0
"RUNX1"	0.00105771876052798	0.000260044051694293	4.06745993087138	0.0136930754834685	0.00679245475616422	2.01592443012475	0	0
"RUNX1T1"	0.00333001343103273	0.00183005254831576	1.81962722004754	0.020052487467583	0.0150703173670243	1.33059490249756	0	0
"RUNX2"	0.00246707529462148	0.00121282147106504	2.03416195497843	0.0127215053599229	0.00949489695423373	1.33982553167683	0.001	0
"RUVBL1"	0.000752857448765706	0.00035703204079768	2.10865514222106	0.0127569204810698	0.00729785599964168	1.74803674965582	0	0
"RUVBL2"	0.000975884490518928	0.000485442346540987	2.01029946701721	0.0126273837535731	0.0117478865970715	1.074864287226	0	0.016
"RYBP"	0.00134769862484038	0.00101121893719522	1.33274662416671	0.0152023385223551	0.0125589513156067	1.21047833854276	0.006	0
"S100A4"	0.00138528901821622	0.000535633645323431	2.58626214075805	0.0115681075866958	0.00734613694114383	1.57471983974404	0	0
"SCAND1"	0.0131867523058069	0.0075348816029905	1.75009416213963	0.0124865821492825	0.00886316989988364	1.40881674280513	0	0
"SDCBP"	0.00115630061082246	0.000520809850710578	2.22019727400478	0.012619025535169	0.00857171908642698	1.47216974890728	0.001	0
"SET"	0.00105916763588749	0.000719846860368616	1.47137911436485	0.016139013129447	0.0134371235219495	1.20107648806562	0	0
"SETD7"	0.000141146570132892	8.6735727259179e-05	1.62731753791751	0.0117066852810564	0.00719943924699945	1.62605515227251	0.012	0
"SFN"	0.000341471655176911	0.000166524249217846	2.0505821631431	0.00888888888888889	0.00756844142114814	1.17446755471359	0.006	0.039
"SHMT2"	0.000352860741898105	0.00014067460660796	2.50834710262584	0.00966183574879227	0.00516873339030426	1.86928499096439	0.03	0.014
"SIAH1"	0.00252124236619037	0.00129949778030066	1.94016673549611	0.0190428128419664	0.0143499609125552	1.32702889980037	0	0
"SIN3A"	0.0219625427609848	0.0108056278314726	2.03250964252316	0.022111409096204	0.0209463452750007	1.05562134137996	0	0.02
"SIRT6"	0.00991435486873952	0.00392850989685921	2.52369349423452	0.00991435486873952	0.00639529833624896	1.55025682110001	0	0
"SIRT7"	0.000884566230075136	0.000259535351766445	3.40826875435125	0.0128406962929712	0.00678641214838162	1.89211854691633	0	0
"SKI"	0.00134828180461808	0.000746740534457353	1.80555593596892	0.0118341856749846	0.0089348095086675	1.32450341146104	0	0
"SLC2A1"	0.000352860741898105	0.00014067460660796	2.50834710262584	0.00966183574879227	0.00516873339030426	1.86928499096439	0.03	0.014
"SMARCA1"	0.000484168094877024	0.000364129949595554	1.32965743525024	0.00991410360261455	0.00882051788046955	1.12398203109666	0.03	0.032
"SMARCB1"	0.00151673173624883	0.000334050805335005	4.54042233105161	0.00956937799043062	0.00699572652787561	1.36788908947482	0	0
"SMARCC2"	0.00157577384066537	0.00101160141467231	1.55770229045777	0.0170928490760145	0.0146057473014532	1.17028240481155	0	0
"SMARCE1"	0.00174551126599561	0.00128506614639449	1.35830460625937	0.0173116584353826	0.0158842920045628	1.08986024875455	0	0.002
"SMC1A"	0.00186032536043267	0.000646859743863123	2.87593311854992	0.0114113494950852	0.00863250900800322	1.32190415144725	0	0.001
"SMC3"	0.00165209896397449	0.000440449136356006	3.75094154490323	0.0106928731156947	0.0061495250109969	1.73881285084184	0	0
"SMURF1"	0.000804202243556135	0.00032780606094272	2.45328668189774	0.0138300049513807	0.0106293641369146	1.30111310265029	0	0
"SMURF2"	0.000400477333599279	0.000110291254059906	3.63108876594833	0.0133384873918003	0.00822934613856251	1.62084413113898	0	0
"SNCA"	0.00138826859575224	0.000362767574637803	3.82688170831786	0.0127373731444046	0.0081170632703417	1.56920954293219	0	0
"SNRPB2"	0.000201237610581061	7.85636212203983e-05	2.56146047566367	0.00994261986668734	0.00520381640717293	1.91064001661981	0	0
"SOX9"	0.00046652699063967	0.000163733175249693	2.84931254724779	0.0123119501309667	0.00741860021509859	1.65960555549402	0.001	0
"SP100"	0.000611048523058026	0.000128386638663209	4.75944015218719	0.0111191461305878	0.00542966829907419	2.0478499823799	0	0
"SP4"	0.000755739550124724	0.000205207992113957	3.68279784008142	0.0104570381356479	0.00718278183200709	1.45584794028553	0	0
"SQSTM1"	0.000578385100264242	0.000287010274674688	2.01520695006412	0.0130651340996168	0.00704046063063484	1.85572149111482	0.002	0
"SREBF1"	0.00331383316771021	0.00116077420686864	2.85484734938224	0.0176456247053603	0.011056306504162	1.59597824994431	0	0
"SREBF2"	0.00195237805049226	0.000778338119419861	2.50839320570278	0.0231350678998787	0.0169609815531661	1.36401704272593	0	0
"SRPK1"	0.00695372901386452	0.00460083187629916	1.51140689354161	0.00961538461538462	0.00606604581246596	1.58511572656188	0	0
"SRRM2"	0.0105023678864825	0.00529684848236575	1.98275784581094	0.0117905083377863	0.00754490295882472	1.56271172765659	0	0
"STIP1"	0.000341471655176911	0.00014796199074086	2.30783360961237	0.00888888888888889	0.00634529994247505	1.40086189297171	0.038	0.017
"SUFU"	0.0137902709469046	0.00520418257019787	2.64984380561044	0.0164413402423774	0.00817288052893719	2.01169467535523	0	0
"SUV39H1"	0.0158851107698004	0.00710361509693233	2.23620094177968	0.0138827966638378	0.00676556407165967	2.05197918707052	0	0
"SUZ12"	0.00121013710522065	0.000744574189796653	1.62527404495601	0.0117091364789025	0.0101641997052634	1.1519978767083	0	0.001
"TCEA2"	0.00251471555624241	0.00114860531449076	2.18936437479162	0.0143531597786832	0.00893449368971621	1.60648832235496	0.001	0
"TCF12"	0.00151471923267616	0.000867096108387816	1.74688736118591	0.018189522550795	0.0122326094321811	1.48696994305586	0	0
"TCF4"	0.000407048580419423	0.000240299287212656	1.69392337838772	0.011300269501347	0.00787576492378576	1.43481548912395	0.017	0.002
"TCF7L2"	0.000509685197835832	0.000190210947992543	2.67957866366248	0.0109650407400151	0.00665989700135296	1.64642797595632	0	0
"TDG"	0.000907118524050923	0.000429405857528045	2.11249685617453	0.0198817106460418	0.00964833767399039	2.06063586472913	0	0
"TFAP2A"	0.00139575352798199	0.000596652465994997	2.33930739841054	0.0162341834846006	0.011958004724563	1.3575996881197	0	0
"TFCP2"	0.00259061307122061	0.000811617348233933	3.19191436316356	0.0116577385450885	0.00780819940606645	1.49301240130103	0	0
"TFDP2"	0.000361267855006156	0.000184840284261533	1.9544865798572	0.0166767693573729	0.0114955988399541	1.45070905740127	0	0
"TFIP11"	0.000922101513044294	0.000480284340461682	1.91990751178335	0.0111731843575419	0.00702427470961567	1.59065310219811	0.042	0.001
"TMF1"	0.0018915949567769	0.000387329494953536	4.88368425700143	0.0173951828724353	0.00872214780889134	1.99436919134788	0	0
"TOX4"	0.0102151199793374	0.00697384463012991	1.4647759623442	0.0107792614706492	0.00703263842440498	1.53274785651463	0.006	0
"TP53BP2"	0.000874572800339077	0.000547771927052414	1.59660025851488	0.00955643707176342	0.00644324795478921	1.48317077641878	0.036	0
"TPI1"	0.00100753797387549	0.000219476362691517	4.59064457566041	0.0146107454146212	0.00847535373372087	1.72390980644141	0	0
"TRAF6"	0.000766498514986333	0.000286338055560498	2.67690060787043	0.0109395109395109	0.00816740231776688	1.33941129797338	0	0.002
"TRIM24"	0.000724117687959438	0.000450767041150307	1.6064122303875	0.0125443330010022	0.00944012654787441	1.32883102121409	0	0
"TRIM33"	0.0018457616869761	0.000851814867808696	2.16685779590152	0.0133807054625776	0.00904314791132775	1.47965128888542	0	0
"TRIP4"	0.000887723534475743	0.000541398863200161	1.6396848881959	0.0136854076749184	0.0113715867136604	1.20347388799124	0.001	0
"TRRAP"	0.000618444243357467	0.000504422288625622	1.22604464018138	0.0120161174386295	0.0112729222952027	1.06592746086284	0.001	0.031
"TSC22D3"	0.000798146718387919	0.000336673309797758	2.37068604834571	0.0151774416027439	0.0102739894388013	1.47726856185233	0	0
"TWIST1"	0.0048812703647051	0.00412545405522723	1.1832080297974	0.0192598187924205	0.0174745420812908	1.10216443457142	0.032	0
"TXN2"	0.00303104326708632	0.000962345885065216	3.14964018044397	0.0110715179020882	0.00668955693530383	1.65504502154078	0	0
"TXNL4B"	0.000287943777966784	0.000165505385496863	1.73978494477596	0.0119032298091447	0.00804006339649225	1.48048954618167	0	0
"U2AF2"	0.00220280264153576	0.00116442349985396	1.89175385228143	0.0141823081395133	0.0077028491117896	1.84117693773938	0.022	0
"UBE2K"	0.000744358711899492	0.000259939174486595	2.86358804273989	0.0118343195266272	0.00634478987387172	1.86520275089988	0	0
"UBTF"	0.00063984122239126	0.000256063012792533	2.49876471972026	0.0132404181184669	0.00665777106597202	1.98871634174069	0	0
"USP11"	0.00158203024316088	0.000909439701067357	1.73956584620635	0.0150627186883744	0.0104349968372534	1.44348090596441	0	0
"UTP23"	0.00104228716916148	0.000346494235412119	3.00809382274941	0.0133207225184467	0.0075220344809661	1.77089357302917	0	0
"VDR"	0.000379679067945881	0.000221802902493465	1.71178584084159	0.0111032372515164	0.00942251848191934	1.17837256279435	0.002	0.018
"VHL"	0.000942112778175599	0.000534437688300374	1.76281126649529	0.0182105219698309	0.0140923555628847	1.29222697288396	0	0
"WDR5"	0.00561320485396967	0.00420772746324239	1.33402291450793	0.0137971914264227	0.0129359358445302	1.06657852916429	0	0.016
"WWP1"	0.000818988311604049	0.00035929868399672	2.27940804707074	0.01976441425925	0.0137689891538545	1.43542957572286	0	0
"XRCC1"	0.000675111566195479	0.000353380056058542	1.91044048644227	0.0102396427484516	0.00828176400493266	1.23640842003621	0.001	0
"YAF2"	0.00108343134866892	0.000459982107747605	2.35537715580756	0.0150085096905502	0.0104835792651545	1.43162075765819	0	0
"YAP1"	0.00515047994511061	0.00307768189799411	1.67349327052528	0.0186901810502324	0.0159341455763734	1.17296412039473	0	0
"YEATS4"	0.00139473393402654	0.000401328488954922	3.47529261542954	0.0140394088669951	0.00744452388415753	1.88587061919056	0	0
"YY1"	0.00278400986970879	0.00189043363424227	1.47268320838181	0.0240399386259879	0.0203132675869958	1.18345994917026	0	0
"ZBTB17"	0.00207693405221107	0.00103201204803721	2.01250950137762	0.0160568071050971	0.0117591113689743	1.365477934622	0	0
"ZBTB24"	0.00143128216137069	0.000394191513467132	3.63093093705081	0.0122095985761352	0.00555197819300497	2.19914382796356	0	0
"ZHX1"	0.000556906844671542	0.000271646097024505	2.05011907320467	0.00934197520431871	0.00689282838610784	1.35531811921315	0.003	0.002
"ZMAT2"	0.000201237610581061	7.85636212203983e-05	2.56146047566367	0.00994261986668734	0.00520381640717293	1.91064001661981	0	0
"ZMYND8"	0.000345527022486649	0.000140398140960106	2.46105126552088	0.012871069249432	0.00718264051380374	1.79196901539151	0	0
"ZNF451"	0.000285537806505165	0.000159886097541992	1.78588264329969	0.00919436310650084	0.00650936990306986	1.41248127597799	0.014	0
"ZNF587"	0.0015105827321452	0.000662873464616555	2.27884025048281	0.0109866876866494	0.00661828545833596	1.66005043992342	0.005	0.009
"ZNF688"	0.000887477884316972	0.000326288335090722	2.71991912941115	0.0113649668762294	0.00772870344552484	1.47048815578634	0	0
"ZSCAN32"	0.0113590536362414	0.00594316680704261	1.91127962667664	0.0115606936416185	0.00613968697770774	1.88294512140336	0.016	0.006
